TreeDepth,PID,Process,Value,Privilege,Attributes,Description
0,4,System,2,SeCreateTokenPrivilege,Present,Create a token object
0,4,System,3,SeAssignPrimaryTokenPrivilege,Present,Replace a process-level token
0,4,System,4,SeLockMemoryPrivilege,"Present,Enabled,Default",Lock pages in memory
0,4,System,5,SeIncreaseQuotaPrivilege,Present,Increase quotas
0,4,System,6,SeMachineAccountPrivilege,,Add workstations to the domain
0,4,System,7,SeTcbPrivilege,"Present,Enabled,Default",Act as part of the operating system
0,4,System,8,SeSecurityPrivilege,Present,Manage auditing and security log
0,4,System,9,SeTakeOwnershipPrivilege,Present,Take ownership of files/objects
0,4,System,10,SeLoadDriverPrivilege,Present,Load and unload device drivers
0,4,System,11,SeSystemProfilePrivilege,"Present,Enabled,Default",Profile system performance
0,4,System,12,SeSystemtimePrivilege,Present,Change the system time
0,4,System,13,SeProfileSingleProcessPrivilege,"Present,Enabled,Default",Profile a single process
0,4,System,14,SeIncreaseBasePriorityPrivilege,"Present,Enabled,Default",Increase scheduling priority
0,4,System,15,SeCreatePagefilePrivilege,"Present,Enabled,Default",Create a pagefile
0,4,System,16,SeCreatePermanentPrivilege,"Present,Enabled,Default",Create permanent shared objects
0,4,System,17,SeBackupPrivilege,Present,Backup files and directories
0,4,System,18,SeRestorePrivilege,Present,Restore files and directories
0,4,System,19,SeShutdownPrivilege,Present,Shut down the system
0,4,System,20,SeDebugPrivilege,"Present,Enabled,Default",Debug programs
0,4,System,21,SeAuditPrivilege,"Present,Enabled,Default",Generate security audits
0,4,System,22,SeSystemEnvironmentPrivilege,Present,Edit firmware environment values
0,4,System,23,SeChangeNotifyPrivilege,"Present,Enabled,Default",Receive notifications of changes to files or directories
0,4,System,24,SeRemoteShutdownPrivilege,,Force shutdown from a remote system
0,4,System,25,SeUndockPrivilege,Present,Remove computer from docking station
0,4,System,26,SeSyncAgentPrivilege,,Synch directory service data
0,4,System,27,SeEnableDelegationPrivilege,,Enable user accounts to be trusted for delegation
0,4,System,28,SeManageVolumePrivilege,Present,Manage the files on a volume
0,4,System,29,SeImpersonatePrivilege,"Present,Enabled,Default",Impersonate a client after authentication
0,4,System,30,SeCreateGlobalPrivilege,"Present,Enabled,Default",Create global objects
0,4,System,31,SeTrustedCredManAccessPrivilege,Present,Access Credential Manager as a trusted caller
0,4,System,32,SeRelabelPrivilege,Present,Modify the mandatory integrity level of an object
0,4,System,33,SeIncreaseWorkingSetPrivilege,"Present,Enabled,Default",Allocate more memory for user applications
0,4,System,34,SeTimeZonePrivilege,"Present,Enabled,Default",Adjust the time zone of the computer's internal clock
0,4,System,35,SeCreateSymbolicLinkPrivilege,"Present,Enabled,Default",Required to create a symbolic link
0,4,System,36,SeDelegateSessionUserImpersonatePrivilege,"Present,Enabled,Default",Obtain an impersonation token for another user in the same session.
0,92,Registry,2,SeCreateTokenPrivilege,,Create a token object
0,92,Registry,3,SeAssignPrimaryTokenPrivilege,,Replace a process-level token
0,92,Registry,4,SeLockMemoryPrivilege,,Lock pages in memory
0,92,Registry,5,SeIncreaseQuotaPrivilege,,Increase quotas
0,92,Registry,6,SeMachineAccountPrivilege,,Add workstations to the domain
0,92,Registry,7,SeTcbPrivilege,,Act as part of the operating system
0,92,Registry,8,SeSecurityPrivilege,,Manage auditing and security log
0,92,Registry,9,SeTakeOwnershipPrivilege,,Take ownership of files/objects
0,92,Registry,10,SeLoadDriverPrivilege,,Load and unload device drivers
0,92,Registry,11,SeSystemProfilePrivilege,,Profile system performance
0,92,Registry,12,SeSystemtimePrivilege,,Change the system time
0,92,Registry,13,SeProfileSingleProcessPrivilege,,Profile a single process
0,92,Registry,14,SeIncreaseBasePriorityPrivilege,,Increase scheduling priority
0,92,Registry,15,SeCreatePagefilePrivilege,,Create a pagefile
0,92,Registry,16,SeCreatePermanentPrivilege,,Create permanent shared objects
0,92,Registry,17,SeBackupPrivilege,,Backup files and directories
0,92,Registry,18,SeRestorePrivilege,,Restore files and directories
0,92,Registry,19,SeShutdownPrivilege,,Shut down the system
0,92,Registry,20,SeDebugPrivilege,,Debug programs
0,92,Registry,21,SeAuditPrivilege,,Generate security audits
0,92,Registry,22,SeSystemEnvironmentPrivilege,,Edit firmware environment values
0,92,Registry,23,SeChangeNotifyPrivilege,"Present,Enabled,Default",Receive notifications of changes to files or directories
0,92,Registry,24,SeRemoteShutdownPrivilege,,Force shutdown from a remote system
0,92,Registry,25,SeUndockPrivilege,,Remove computer from docking station
0,92,Registry,26,SeSyncAgentPrivilege,,Synch directory service data
0,92,Registry,27,SeEnableDelegationPrivilege,,Enable user accounts to be trusted for delegation
0,92,Registry,28,SeManageVolumePrivilege,,Manage the files on a volume
0,92,Registry,29,SeImpersonatePrivilege,,Impersonate a client after authentication
0,92,Registry,30,SeCreateGlobalPrivilege,,Create global objects
0,92,Registry,31,SeTrustedCredManAccessPrivilege,,Access Credential Manager as a trusted caller
0,92,Registry,32,SeRelabelPrivilege,,Modify the mandatory integrity level of an object
0,92,Registry,33,SeIncreaseWorkingSetPrivilege,,Allocate more memory for user applications
0,92,Registry,34,SeTimeZonePrivilege,,Adjust the time zone of the computer's internal clock
0,92,Registry,35,SeCreateSymbolicLinkPrivilege,,Required to create a symbolic link
0,92,Registry,36,SeDelegateSessionUserImpersonatePrivilege,,Obtain an impersonation token for another user in the same session.
0,308,smss.exe,2,SeCreateTokenPrivilege,Present,Create a token object
0,308,smss.exe,3,SeAssignPrimaryTokenPrivilege,Present,Replace a process-level token
0,308,smss.exe,4,SeLockMemoryPrivilege,"Present,Enabled,Default",Lock pages in memory
0,308,smss.exe,5,SeIncreaseQuotaPrivilege,Present,Increase quotas
0,308,smss.exe,6,SeMachineAccountPrivilege,,Add workstations to the domain
0,308,smss.exe,7,SeTcbPrivilege,"Present,Enabled,Default",Act as part of the operating system
0,308,smss.exe,8,SeSecurityPrivilege,Present,Manage auditing and security log
0,308,smss.exe,9,SeTakeOwnershipPrivilege,Present,Take ownership of files/objects
0,308,smss.exe,10,SeLoadDriverPrivilege,Present,Load and unload device drivers
0,308,smss.exe,11,SeSystemProfilePrivilege,"Present,Enabled,Default",Profile system performance
0,308,smss.exe,12,SeSystemtimePrivilege,Present,Change the system time
0,308,smss.exe,13,SeProfileSingleProcessPrivilege,"Present,Enabled,Default",Profile a single process
0,308,smss.exe,14,SeIncreaseBasePriorityPrivilege,"Present,Enabled,Default",Increase scheduling priority
0,308,smss.exe,15,SeCreatePagefilePrivilege,"Present,Enabled,Default",Create a pagefile
0,308,smss.exe,16,SeCreatePermanentPrivilege,"Present,Enabled,Default",Create permanent shared objects
0,308,smss.exe,17,SeBackupPrivilege,Present,Backup files and directories
0,308,smss.exe,18,SeRestorePrivilege,Present,Restore files and directories
0,308,smss.exe,19,SeShutdownPrivilege,Present,Shut down the system
0,308,smss.exe,20,SeDebugPrivilege,"Present,Enabled,Default",Debug programs
0,308,smss.exe,21,SeAuditPrivilege,"Present,Enabled,Default",Generate security audits
0,308,smss.exe,22,SeSystemEnvironmentPrivilege,Present,Edit firmware environment values
0,308,smss.exe,23,SeChangeNotifyPrivilege,"Present,Enabled,Default",Receive notifications of changes to files or directories
0,308,smss.exe,24,SeRemoteShutdownPrivilege,,Force shutdown from a remote system
0,308,smss.exe,25,SeUndockPrivilege,Present,Remove computer from docking station
0,308,smss.exe,26,SeSyncAgentPrivilege,,Synch directory service data
0,308,smss.exe,27,SeEnableDelegationPrivilege,,Enable user accounts to be trusted for delegation
0,308,smss.exe,28,SeManageVolumePrivilege,Present,Manage the files on a volume
0,308,smss.exe,29,SeImpersonatePrivilege,"Present,Enabled,Default",Impersonate a client after authentication
0,308,smss.exe,30,SeCreateGlobalPrivilege,"Present,Enabled,Default",Create global objects
0,308,smss.exe,31,SeTrustedCredManAccessPrivilege,Present,Access Credential Manager as a trusted caller
0,308,smss.exe,32,SeRelabelPrivilege,Present,Modify the mandatory integrity level of an object
0,308,smss.exe,33,SeIncreaseWorkingSetPrivilege,"Present,Enabled,Default",Allocate more memory for user applications
0,308,smss.exe,34,SeTimeZonePrivilege,"Present,Enabled,Default",Adjust the time zone of the computer's internal clock
0,308,smss.exe,35,SeCreateSymbolicLinkPrivilege,"Present,Enabled,Default",Required to create a symbolic link
0,308,smss.exe,36,SeDelegateSessionUserImpersonatePrivilege,"Present,Enabled,Default",Obtain an impersonation token for another user in the same session.
0,420,csrss.exe,2,SeCreateTokenPrivilege,Present,Create a token object
0,420,csrss.exe,3,SeAssignPrimaryTokenPrivilege,Present,Replace a process-level token
0,420,csrss.exe,4,SeLockMemoryPrivilege,"Present,Enabled,Default",Lock pages in memory
0,420,csrss.exe,5,SeIncreaseQuotaPrivilege,Present,Increase quotas
0,420,csrss.exe,6,SeMachineAccountPrivilege,,Add workstations to the domain
0,420,csrss.exe,7,SeTcbPrivilege,"Present,Enabled,Default",Act as part of the operating system
0,420,csrss.exe,8,SeSecurityPrivilege,Present,Manage auditing and security log
0,420,csrss.exe,9,SeTakeOwnershipPrivilege,Present,Take ownership of files/objects
0,420,csrss.exe,10,SeLoadDriverPrivilege,Present,Load and unload device drivers
0,420,csrss.exe,11,SeSystemProfilePrivilege,"Present,Enabled,Default",Profile system performance
0,420,csrss.exe,12,SeSystemtimePrivilege,Present,Change the system time
0,420,csrss.exe,13,SeProfileSingleProcessPrivilege,"Present,Enabled,Default",Profile a single process
0,420,csrss.exe,14,SeIncreaseBasePriorityPrivilege,"Present,Enabled,Default",Increase scheduling priority
0,420,csrss.exe,15,SeCreatePagefilePrivilege,"Present,Enabled,Default",Create a pagefile
0,420,csrss.exe,16,SeCreatePermanentPrivilege,"Present,Enabled,Default",Create permanent shared objects
0,420,csrss.exe,17,SeBackupPrivilege,Present,Backup files and directories
0,420,csrss.exe,18,SeRestorePrivilege,Present,Restore files and directories
0,420,csrss.exe,19,SeShutdownPrivilege,Present,Shut down the system
0,420,csrss.exe,20,SeDebugPrivilege,"Present,Enabled,Default",Debug programs
0,420,csrss.exe,21,SeAuditPrivilege,"Present,Enabled,Default",Generate security audits
0,420,csrss.exe,22,SeSystemEnvironmentPrivilege,Present,Edit firmware environment values
0,420,csrss.exe,23,SeChangeNotifyPrivilege,"Present,Enabled,Default",Receive notifications of changes to files or directories
0,420,csrss.exe,24,SeRemoteShutdownPrivilege,,Force shutdown from a remote system
0,420,csrss.exe,25,SeUndockPrivilege,Present,Remove computer from docking station
0,420,csrss.exe,26,SeSyncAgentPrivilege,,Synch directory service data
0,420,csrss.exe,27,SeEnableDelegationPrivilege,,Enable user accounts to be trusted for delegation
0,420,csrss.exe,28,SeManageVolumePrivilege,Present,Manage the files on a volume
0,420,csrss.exe,29,SeImpersonatePrivilege,"Present,Enabled,Default",Impersonate a client after authentication
0,420,csrss.exe,30,SeCreateGlobalPrivilege,"Present,Enabled,Default",Create global objects
0,420,csrss.exe,31,SeTrustedCredManAccessPrivilege,,Access Credential Manager as a trusted caller
0,420,csrss.exe,32,SeRelabelPrivilege,Present,Modify the mandatory integrity level of an object
0,420,csrss.exe,33,SeIncreaseWorkingSetPrivilege,"Present,Enabled,Default",Allocate more memory for user applications
0,420,csrss.exe,34,SeTimeZonePrivilege,"Present,Enabled,Default",Adjust the time zone of the computer's internal clock
0,420,csrss.exe,35,SeCreateSymbolicLinkPrivilege,"Present,Enabled,Default",Required to create a symbolic link
0,420,csrss.exe,36,SeDelegateSessionUserImpersonatePrivilege,"Present,Enabled,Default",Obtain an impersonation token for another user in the same session.
0,496,wininit.exe,2,SeCreateTokenPrivilege,,Create a token object
0,496,wininit.exe,3,SeAssignPrimaryTokenPrivilege,Present,Replace a process-level token
0,496,wininit.exe,4,SeLockMemoryPrivilege,Default,Lock pages in memory
0,496,wininit.exe,5,SeIncreaseQuotaPrivilege,Present,Increase quotas
0,496,wininit.exe,6,SeMachineAccountPrivilege,,Add workstations to the domain
0,496,wininit.exe,7,SeTcbPrivilege,"Present,Enabled,Default",Act as part of the operating system
0,496,wininit.exe,8,SeSecurityPrivilege,Present,Manage auditing and security log
0,496,wininit.exe,9,SeTakeOwnershipPrivilege,Present,Take ownership of files/objects
0,496,wininit.exe,10,SeLoadDriverPrivilege,Present,Load and unload device drivers
0,496,wininit.exe,11,SeSystemProfilePrivilege,Default,Profile system performance
0,496,wininit.exe,12,SeSystemtimePrivilege,,Change the system time
0,496,wininit.exe,13,SeProfileSingleProcessPrivilege,Default,Profile a single process
0,496,wininit.exe,14,SeIncreaseBasePriorityPrivilege,"Present,Enabled,Default",Increase scheduling priority
0,496,wininit.exe,15,SeCreatePagefilePrivilege,Default,Create a pagefile
0,496,wininit.exe,16,SeCreatePermanentPrivilege,"Present,Enabled,Default",Create permanent shared objects
0,496,wininit.exe,17,SeBackupPrivilege,Present,Backup files and directories
0,496,wininit.exe,18,SeRestorePrivilege,Present,Restore files and directories
0,496,wininit.exe,19,SeShutdownPrivilege,Present,Shut down the system
0,496,wininit.exe,20,SeDebugPrivilege,"Present,Enabled,Default",Debug programs
0,496,wininit.exe,21,SeAuditPrivilege,"Present,Enabled,Default",Generate security audits
0,496,wininit.exe,22,SeSystemEnvironmentPrivilege,Present,Edit firmware environment values
0,496,wininit.exe,23,SeChangeNotifyPrivilege,"Present,Enabled,Default",Receive notifications of changes to files or directories
0,496,wininit.exe,24,SeRemoteShutdownPrivilege,,Force shutdown from a remote system
0,496,wininit.exe,25,SeUndockPrivilege,Present,Remove computer from docking station
0,496,wininit.exe,26,SeSyncAgentPrivilege,,Synch directory service data
0,496,wininit.exe,27,SeEnableDelegationPrivilege,,Enable user accounts to be trusted for delegation
0,496,wininit.exe,28,SeManageVolumePrivilege,Present,Manage the files on a volume
0,496,wininit.exe,29,SeImpersonatePrivilege,"Present,Enabled,Default",Impersonate a client after authentication
0,496,wininit.exe,30,SeCreateGlobalPrivilege,"Present,Enabled,Default",Create global objects
0,496,wininit.exe,31,SeTrustedCredManAccessPrivilege,,Access Credential Manager as a trusted caller
0,496,wininit.exe,32,SeRelabelPrivilege,,Modify the mandatory integrity level of an object
0,496,wininit.exe,33,SeIncreaseWorkingSetPrivilege,Default,Allocate more memory for user applications
0,496,wininit.exe,34,SeTimeZonePrivilege,Default,Adjust the time zone of the computer's internal clock
0,496,wininit.exe,35,SeCreateSymbolicLinkPrivilege,"Present,Enabled,Default",Required to create a symbolic link
0,496,wininit.exe,36,SeDelegateSessionUserImpersonatePrivilege,"Present,Enabled,Default",Obtain an impersonation token for another user in the same session.
0,504,csrss.exe,2,SeCreateTokenPrivilege,Present,Create a token object
0,504,csrss.exe,3,SeAssignPrimaryTokenPrivilege,Present,Replace a process-level token
0,504,csrss.exe,4,SeLockMemoryPrivilege,"Present,Enabled,Default",Lock pages in memory
0,504,csrss.exe,5,SeIncreaseQuotaPrivilege,Present,Increase quotas
0,504,csrss.exe,6,SeMachineAccountPrivilege,,Add workstations to the domain
0,504,csrss.exe,7,SeTcbPrivilege,"Present,Enabled,Default",Act as part of the operating system
0,504,csrss.exe,8,SeSecurityPrivilege,Present,Manage auditing and security log
0,504,csrss.exe,9,SeTakeOwnershipPrivilege,Present,Take ownership of files/objects
0,504,csrss.exe,10,SeLoadDriverPrivilege,Present,Load and unload device drivers
0,504,csrss.exe,11,SeSystemProfilePrivilege,"Present,Enabled,Default",Profile system performance
0,504,csrss.exe,12,SeSystemtimePrivilege,Present,Change the system time
0,504,csrss.exe,13,SeProfileSingleProcessPrivilege,"Present,Enabled,Default",Profile a single process
0,504,csrss.exe,14,SeIncreaseBasePriorityPrivilege,"Present,Enabled,Default",Increase scheduling priority
0,504,csrss.exe,15,SeCreatePagefilePrivilege,"Present,Enabled,Default",Create a pagefile
0,504,csrss.exe,16,SeCreatePermanentPrivilege,"Present,Enabled,Default",Create permanent shared objects
0,504,csrss.exe,17,SeBackupPrivilege,Present,Backup files and directories
0,504,csrss.exe,18,SeRestorePrivilege,Present,Restore files and directories
0,504,csrss.exe,19,SeShutdownPrivilege,Present,Shut down the system
0,504,csrss.exe,20,SeDebugPrivilege,"Present,Enabled,Default",Debug programs
0,504,csrss.exe,21,SeAuditPrivilege,"Present,Enabled,Default",Generate security audits
0,504,csrss.exe,22,SeSystemEnvironmentPrivilege,Present,Edit firmware environment values
0,504,csrss.exe,23,SeChangeNotifyPrivilege,"Present,Enabled,Default",Receive notifications of changes to files or directories
0,504,csrss.exe,24,SeRemoteShutdownPrivilege,,Force shutdown from a remote system
0,504,csrss.exe,25,SeUndockPrivilege,Present,Remove computer from docking station
0,504,csrss.exe,26,SeSyncAgentPrivilege,,Synch directory service data
0,504,csrss.exe,27,SeEnableDelegationPrivilege,,Enable user accounts to be trusted for delegation
0,504,csrss.exe,28,SeManageVolumePrivilege,Present,Manage the files on a volume
0,504,csrss.exe,29,SeImpersonatePrivilege,"Present,Enabled,Default",Impersonate a client after authentication
0,504,csrss.exe,30,SeCreateGlobalPrivilege,"Present,Enabled,Default",Create global objects
0,504,csrss.exe,31,SeTrustedCredManAccessPrivilege,,Access Credential Manager as a trusted caller
0,504,csrss.exe,32,SeRelabelPrivilege,Present,Modify the mandatory integrity level of an object
0,504,csrss.exe,33,SeIncreaseWorkingSetPrivilege,"Present,Enabled,Default",Allocate more memory for user applications
0,504,csrss.exe,34,SeTimeZonePrivilege,"Present,Enabled,Default",Adjust the time zone of the computer's internal clock
0,504,csrss.exe,35,SeCreateSymbolicLinkPrivilege,"Present,Enabled,Default",Required to create a symbolic link
0,504,csrss.exe,36,SeDelegateSessionUserImpersonatePrivilege,"Present,Enabled,Default",Obtain an impersonation token for another user in the same session.
0,564,winlogon.exe,2,SeCreateTokenPrivilege,,Create a token object
0,564,winlogon.exe,3,SeAssignPrimaryTokenPrivilege,Present,Replace a process-level token
0,564,winlogon.exe,4,SeLockMemoryPrivilege,Default,Lock pages in memory
0,564,winlogon.exe,5,SeIncreaseQuotaPrivilege,Present,Increase quotas
0,564,winlogon.exe,6,SeMachineAccountPrivilege,,Add workstations to the domain
0,564,winlogon.exe,7,SeTcbPrivilege,"Present,Enabled,Default",Act as part of the operating system
0,564,winlogon.exe,8,SeSecurityPrivilege,Present,Manage auditing and security log
0,564,winlogon.exe,9,SeTakeOwnershipPrivilege,Present,Take ownership of files/objects
0,564,winlogon.exe,10,SeLoadDriverPrivilege,Present,Load and unload device drivers
0,564,winlogon.exe,11,SeSystemProfilePrivilege,Default,Profile system performance
0,564,winlogon.exe,12,SeSystemtimePrivilege,,Change the system time
0,564,winlogon.exe,13,SeProfileSingleProcessPrivilege,"Present,Enabled,Default",Profile a single process
0,564,winlogon.exe,14,SeIncreaseBasePriorityPrivilege,"Present,Enabled,Default",Increase scheduling priority
0,564,winlogon.exe,15,SeCreatePagefilePrivilege,Default,Create a pagefile
0,564,winlogon.exe,16,SeCreatePermanentPrivilege,"Present,Enabled,Default",Create permanent shared objects
0,564,winlogon.exe,17,SeBackupPrivilege,Present,Backup files and directories
0,564,winlogon.exe,18,SeRestorePrivilege,Present,Restore files and directories
0,564,winlogon.exe,19,SeShutdownPrivilege,Present,Shut down the system
0,564,winlogon.exe,20,SeDebugPrivilege,"Present,Enabled,Default",Debug programs
0,564,winlogon.exe,21,SeAuditPrivilege,"Present,Enabled,Default",Generate security audits
0,564,winlogon.exe,22,SeSystemEnvironmentPrivilege,Present,Edit firmware environment values
0,564,winlogon.exe,23,SeChangeNotifyPrivilege,"Present,Enabled,Default",Receive notifications of changes to files or directories
0,564,winlogon.exe,24,SeRemoteShutdownPrivilege,,Force shutdown from a remote system
0,564,winlogon.exe,25,SeUndockPrivilege,Present,Remove computer from docking station
0,564,winlogon.exe,26,SeSyncAgentPrivilege,,Synch directory service data
0,564,winlogon.exe,27,SeEnableDelegationPrivilege,,Enable user accounts to be trusted for delegation
0,564,winlogon.exe,28,SeManageVolumePrivilege,Present,Manage the files on a volume
0,564,winlogon.exe,29,SeImpersonatePrivilege,"Present,Enabled,Default",Impersonate a client after authentication
0,564,winlogon.exe,30,SeCreateGlobalPrivilege,"Present,Enabled,Default",Create global objects
0,564,winlogon.exe,31,SeTrustedCredManAccessPrivilege,Present,Access Credential Manager as a trusted caller
0,564,winlogon.exe,32,SeRelabelPrivilege,,Modify the mandatory integrity level of an object
0,564,winlogon.exe,33,SeIncreaseWorkingSetPrivilege,Default,Allocate more memory for user applications
0,564,winlogon.exe,34,SeTimeZonePrivilege,Default,Adjust the time zone of the computer's internal clock
0,564,winlogon.exe,35,SeCreateSymbolicLinkPrivilege,Default,Required to create a symbolic link
0,564,winlogon.exe,36,SeDelegateSessionUserImpersonatePrivilege,Default,Obtain an impersonation token for another user in the same session.
0,636,services.exe,2,SeCreateTokenPrivilege,,Create a token object
0,636,services.exe,3,SeAssignPrimaryTokenPrivilege,Present,Replace a process-level token
0,636,services.exe,4,SeLockMemoryPrivilege,"Present,Enabled,Default",Lock pages in memory
0,636,services.exe,5,SeIncreaseQuotaPrivilege,Present,Increase quotas
0,636,services.exe,6,SeMachineAccountPrivilege,,Add workstations to the domain
0,636,services.exe,7,SeTcbPrivilege,"Present,Enabled,Default",Act as part of the operating system
0,636,services.exe,8,SeSecurityPrivilege,Present,Manage auditing and security log
0,636,services.exe,9,SeTakeOwnershipPrivilege,Present,Take ownership of files/objects
0,636,services.exe,10,SeLoadDriverPrivilege,Present,Load and unload device drivers
0,636,services.exe,11,SeSystemProfilePrivilege,"Present,Enabled,Default",Profile system performance
0,636,services.exe,12,SeSystemtimePrivilege,Present,Change the system time
0,636,services.exe,13,SeProfileSingleProcessPrivilege,"Present,Enabled,Default",Profile a single process
0,636,services.exe,14,SeIncreaseBasePriorityPrivilege,"Present,Enabled,Default",Increase scheduling priority
0,636,services.exe,15,SeCreatePagefilePrivilege,"Present,Enabled,Default",Create a pagefile
0,636,services.exe,16,SeCreatePermanentPrivilege,"Present,Enabled,Default",Create permanent shared objects
0,636,services.exe,17,SeBackupPrivilege,Present,Backup files and directories
0,636,services.exe,18,SeRestorePrivilege,Present,Restore files and directories
0,636,services.exe,19,SeShutdownPrivilege,Present,Shut down the system
0,636,services.exe,20,SeDebugPrivilege,"Present,Enabled,Default",Debug programs
0,636,services.exe,21,SeAuditPrivilege,"Present,Enabled,Default",Generate security audits
0,636,services.exe,22,SeSystemEnvironmentPrivilege,Present,Edit firmware environment values
0,636,services.exe,23,SeChangeNotifyPrivilege,"Present,Enabled,Default",Receive notifications of changes to files or directories
0,636,services.exe,24,SeRemoteShutdownPrivilege,,Force shutdown from a remote system
0,636,services.exe,25,SeUndockPrivilege,Present,Remove computer from docking station
0,636,services.exe,26,SeSyncAgentPrivilege,,Synch directory service data
0,636,services.exe,27,SeEnableDelegationPrivilege,,Enable user accounts to be trusted for delegation
0,636,services.exe,28,SeManageVolumePrivilege,Present,Manage the files on a volume
0,636,services.exe,29,SeImpersonatePrivilege,"Present,Enabled,Default",Impersonate a client after authentication
0,636,services.exe,30,SeCreateGlobalPrivilege,"Present,Enabled,Default",Create global objects
0,636,services.exe,31,SeTrustedCredManAccessPrivilege,,Access Credential Manager as a trusted caller
0,636,services.exe,32,SeRelabelPrivilege,,Modify the mandatory integrity level of an object
0,636,services.exe,33,SeIncreaseWorkingSetPrivilege,"Present,Enabled,Default",Allocate more memory for user applications
0,636,services.exe,34,SeTimeZonePrivilege,"Present,Enabled,Default",Adjust the time zone of the computer's internal clock
0,636,services.exe,35,SeCreateSymbolicLinkPrivilege,"Present,Enabled,Default",Required to create a symbolic link
0,636,services.exe,36,SeDelegateSessionUserImpersonatePrivilege,"Present,Enabled,Default",Obtain an impersonation token for another user in the same session.
0,660,lsass.exe,2,SeCreateTokenPrivilege,"Present,Enabled",Create a token object
0,660,lsass.exe,3,SeAssignPrimaryTokenPrivilege,Present,Replace a process-level token
0,660,lsass.exe,4,SeLockMemoryPrivilege,"Present,Enabled,Default",Lock pages in memory
0,660,lsass.exe,5,SeIncreaseQuotaPrivilege,Present,Increase quotas
0,660,lsass.exe,6,SeMachineAccountPrivilege,,Add workstations to the domain
0,660,lsass.exe,7,SeTcbPrivilege,"Present,Enabled,Default",Act as part of the operating system
0,660,lsass.exe,8,SeSecurityPrivilege,Present,Manage auditing and security log
0,660,lsass.exe,9,SeTakeOwnershipPrivilege,Present,Take ownership of files/objects
0,660,lsass.exe,10,SeLoadDriverPrivilege,Present,Load and unload device drivers
0,660,lsass.exe,11,SeSystemProfilePrivilege,"Present,Enabled,Default",Profile system performance
0,660,lsass.exe,12,SeSystemtimePrivilege,Present,Change the system time
0,660,lsass.exe,13,SeProfileSingleProcessPrivilege,"Present,Enabled,Default",Profile a single process
0,660,lsass.exe,14,SeIncreaseBasePriorityPrivilege,"Present,Enabled,Default",Increase scheduling priority
0,660,lsass.exe,15,SeCreatePagefilePrivilege,"Present,Enabled,Default",Create a pagefile
0,660,lsass.exe,16,SeCreatePermanentPrivilege,"Present,Enabled,Default",Create permanent shared objects
0,660,lsass.exe,17,SeBackupPrivilege,Present,Backup files and directories
0,660,lsass.exe,18,SeRestorePrivilege,Present,Restore files and directories
0,660,lsass.exe,19,SeShutdownPrivilege,Present,Shut down the system
0,660,lsass.exe,20,SeDebugPrivilege,"Present,Enabled,Default",Debug programs
0,660,lsass.exe,21,SeAuditPrivilege,"Present,Enabled,Default",Generate security audits
0,660,lsass.exe,22,SeSystemEnvironmentPrivilege,Present,Edit firmware environment values
0,660,lsass.exe,23,SeChangeNotifyPrivilege,"Present,Enabled,Default",Receive notifications of changes to files or directories
0,660,lsass.exe,24,SeRemoteShutdownPrivilege,,Force shutdown from a remote system
0,660,lsass.exe,25,SeUndockPrivilege,Present,Remove computer from docking station
0,660,lsass.exe,26,SeSyncAgentPrivilege,,Synch directory service data
0,660,lsass.exe,27,SeEnableDelegationPrivilege,,Enable user accounts to be trusted for delegation
0,660,lsass.exe,28,SeManageVolumePrivilege,Present,Manage the files on a volume
0,660,lsass.exe,29,SeImpersonatePrivilege,"Present,Enabled,Default",Impersonate a client after authentication
0,660,lsass.exe,30,SeCreateGlobalPrivilege,"Present,Enabled,Default",Create global objects
0,660,lsass.exe,31,SeTrustedCredManAccessPrivilege,Present,Access Credential Manager as a trusted caller
0,660,lsass.exe,32,SeRelabelPrivilege,Present,Modify the mandatory integrity level of an object
0,660,lsass.exe,33,SeIncreaseWorkingSetPrivilege,"Present,Enabled,Default",Allocate more memory for user applications
0,660,lsass.exe,34,SeTimeZonePrivilege,"Present,Enabled,Default",Adjust the time zone of the computer's internal clock
0,660,lsass.exe,35,SeCreateSymbolicLinkPrivilege,"Present,Enabled,Default",Required to create a symbolic link
0,660,lsass.exe,36,SeDelegateSessionUserImpersonatePrivilege,"Present,Enabled,Default",Obtain an impersonation token for another user in the same session.
0,764,svchost.exe,2,SeCreateTokenPrivilege,,Create a token object
0,764,svchost.exe,3,SeAssignPrimaryTokenPrivilege,Present,Replace a process-level token
0,764,svchost.exe,4,SeLockMemoryPrivilege,"Present,Enabled,Default",Lock pages in memory
0,764,svchost.exe,5,SeIncreaseQuotaPrivilege,Present,Increase quotas
0,764,svchost.exe,6,SeMachineAccountPrivilege,,Add workstations to the domain
0,764,svchost.exe,7,SeTcbPrivilege,"Present,Enabled,Default",Act as part of the operating system
0,764,svchost.exe,8,SeSecurityPrivilege,Present,Manage auditing and security log
0,764,svchost.exe,9,SeTakeOwnershipPrivilege,Present,Take ownership of files/objects
0,764,svchost.exe,10,SeLoadDriverPrivilege,Present,Load and unload device drivers
0,764,svchost.exe,11,SeSystemProfilePrivilege,"Present,Enabled,Default",Profile system performance
0,764,svchost.exe,12,SeSystemtimePrivilege,Present,Change the system time
0,764,svchost.exe,13,SeProfileSingleProcessPrivilege,"Present,Enabled,Default",Profile a single process
0,764,svchost.exe,14,SeIncreaseBasePriorityPrivilege,"Present,Enabled,Default",Increase scheduling priority
0,764,svchost.exe,15,SeCreatePagefilePrivilege,"Present,Enabled,Default",Create a pagefile
0,764,svchost.exe,16,SeCreatePermanentPrivilege,"Present,Enabled,Default",Create permanent shared objects
0,764,svchost.exe,17,SeBackupPrivilege,Present,Backup files and directories
0,764,svchost.exe,18,SeRestorePrivilege,Present,Restore files and directories
0,764,svchost.exe,19,SeShutdownPrivilege,Present,Shut down the system
0,764,svchost.exe,20,SeDebugPrivilege,"Present,Enabled,Default",Debug programs
0,764,svchost.exe,21,SeAuditPrivilege,"Present,Enabled,Default",Generate security audits
0,764,svchost.exe,22,SeSystemEnvironmentPrivilege,Present,Edit firmware environment values
0,764,svchost.exe,23,SeChangeNotifyPrivilege,"Present,Enabled,Default",Receive notifications of changes to files or directories
0,764,svchost.exe,24,SeRemoteShutdownPrivilege,,Force shutdown from a remote system
0,764,svchost.exe,25,SeUndockPrivilege,Present,Remove computer from docking station
0,764,svchost.exe,26,SeSyncAgentPrivilege,,Synch directory service data
0,764,svchost.exe,27,SeEnableDelegationPrivilege,,Enable user accounts to be trusted for delegation
0,764,svchost.exe,28,SeManageVolumePrivilege,Present,Manage the files on a volume
0,764,svchost.exe,29,SeImpersonatePrivilege,"Present,Enabled,Default",Impersonate a client after authentication
0,764,svchost.exe,30,SeCreateGlobalPrivilege,"Present,Enabled,Default",Create global objects
0,764,svchost.exe,31,SeTrustedCredManAccessPrivilege,,Access Credential Manager as a trusted caller
0,764,svchost.exe,32,SeRelabelPrivilege,,Modify the mandatory integrity level of an object
0,764,svchost.exe,33,SeIncreaseWorkingSetPrivilege,"Present,Enabled,Default",Allocate more memory for user applications
0,764,svchost.exe,34,SeTimeZonePrivilege,"Present,Enabled,Default",Adjust the time zone of the computer's internal clock
0,764,svchost.exe,35,SeCreateSymbolicLinkPrivilege,"Present,Enabled,Default",Required to create a symbolic link
0,764,svchost.exe,36,SeDelegateSessionUserImpersonatePrivilege,"Present,Enabled,Default",Obtain an impersonation token for another user in the same session.
0,792,fontdrvhost.ex,2,SeCreateTokenPrivilege,,Create a token object
0,792,fontdrvhost.ex,3,SeAssignPrimaryTokenPrivilege,,Replace a process-level token
0,792,fontdrvhost.ex,4,SeLockMemoryPrivilege,,Lock pages in memory
0,792,fontdrvhost.ex,5,SeIncreaseQuotaPrivilege,,Increase quotas
0,792,fontdrvhost.ex,6,SeMachineAccountPrivilege,,Add workstations to the domain
0,792,fontdrvhost.ex,7,SeTcbPrivilege,,Act as part of the operating system
0,792,fontdrvhost.ex,8,SeSecurityPrivilege,,Manage auditing and security log
0,792,fontdrvhost.ex,9,SeTakeOwnershipPrivilege,,Take ownership of files/objects
0,792,fontdrvhost.ex,10,SeLoadDriverPrivilege,,Load and unload device drivers
0,792,fontdrvhost.ex,11,SeSystemProfilePrivilege,,Profile system performance
0,792,fontdrvhost.ex,12,SeSystemtimePrivilege,,Change the system time
0,792,fontdrvhost.ex,13,SeProfileSingleProcessPrivilege,,Profile a single process
0,792,fontdrvhost.ex,14,SeIncreaseBasePriorityPrivilege,,Increase scheduling priority
0,792,fontdrvhost.ex,15,SeCreatePagefilePrivilege,,Create a pagefile
0,792,fontdrvhost.ex,16,SeCreatePermanentPrivilege,,Create permanent shared objects
0,792,fontdrvhost.ex,17,SeBackupPrivilege,,Backup files and directories
0,792,fontdrvhost.ex,18,SeRestorePrivilege,,Restore files and directories
0,792,fontdrvhost.ex,19,SeShutdownPrivilege,,Shut down the system
0,792,fontdrvhost.ex,20,SeDebugPrivilege,,Debug programs
0,792,fontdrvhost.ex,21,SeAuditPrivilege,,Generate security audits
0,792,fontdrvhost.ex,22,SeSystemEnvironmentPrivilege,,Edit firmware environment values
0,792,fontdrvhost.ex,23,SeChangeNotifyPrivilege,"Present,Enabled,Default",Receive notifications of changes to files or directories
0,792,fontdrvhost.ex,24,SeRemoteShutdownPrivilege,,Force shutdown from a remote system
0,792,fontdrvhost.ex,25,SeUndockPrivilege,,Remove computer from docking station
0,792,fontdrvhost.ex,26,SeSyncAgentPrivilege,,Synch directory service data
0,792,fontdrvhost.ex,27,SeEnableDelegationPrivilege,,Enable user accounts to be trusted for delegation
0,792,fontdrvhost.ex,28,SeManageVolumePrivilege,,Manage the files on a volume
0,792,fontdrvhost.ex,29,SeImpersonatePrivilege,,Impersonate a client after authentication
0,792,fontdrvhost.ex,30,SeCreateGlobalPrivilege,,Create global objects
0,792,fontdrvhost.ex,31,SeTrustedCredManAccessPrivilege,,Access Credential Manager as a trusted caller
0,792,fontdrvhost.ex,32,SeRelabelPrivilege,,Modify the mandatory integrity level of an object
0,792,fontdrvhost.ex,33,SeIncreaseWorkingSetPrivilege,"Present,Enabled",Allocate more memory for user applications
0,792,fontdrvhost.ex,34,SeTimeZonePrivilege,,Adjust the time zone of the computer's internal clock
0,792,fontdrvhost.ex,35,SeCreateSymbolicLinkPrivilege,,Required to create a symbolic link
0,792,fontdrvhost.ex,36,SeDelegateSessionUserImpersonatePrivilege,,Obtain an impersonation token for another user in the same session.
0,796,fontdrvhost.ex,2,SeCreateTokenPrivilege,,Create a token object
0,796,fontdrvhost.ex,3,SeAssignPrimaryTokenPrivilege,,Replace a process-level token
0,796,fontdrvhost.ex,4,SeLockMemoryPrivilege,,Lock pages in memory
0,796,fontdrvhost.ex,5,SeIncreaseQuotaPrivilege,,Increase quotas
0,796,fontdrvhost.ex,6,SeMachineAccountPrivilege,,Add workstations to the domain
0,796,fontdrvhost.ex,7,SeTcbPrivilege,,Act as part of the operating system
0,796,fontdrvhost.ex,8,SeSecurityPrivilege,,Manage auditing and security log
0,796,fontdrvhost.ex,9,SeTakeOwnershipPrivilege,,Take ownership of files/objects
0,796,fontdrvhost.ex,10,SeLoadDriverPrivilege,,Load and unload device drivers
0,796,fontdrvhost.ex,11,SeSystemProfilePrivilege,,Profile system performance
0,796,fontdrvhost.ex,12,SeSystemtimePrivilege,,Change the system time
0,796,fontdrvhost.ex,13,SeProfileSingleProcessPrivilege,,Profile a single process
0,796,fontdrvhost.ex,14,SeIncreaseBasePriorityPrivilege,,Increase scheduling priority
0,796,fontdrvhost.ex,15,SeCreatePagefilePrivilege,,Create a pagefile
0,796,fontdrvhost.ex,16,SeCreatePermanentPrivilege,,Create permanent shared objects
0,796,fontdrvhost.ex,17,SeBackupPrivilege,,Backup files and directories
0,796,fontdrvhost.ex,18,SeRestorePrivilege,,Restore files and directories
0,796,fontdrvhost.ex,19,SeShutdownPrivilege,,Shut down the system
0,796,fontdrvhost.ex,20,SeDebugPrivilege,,Debug programs
0,796,fontdrvhost.ex,21,SeAuditPrivilege,,Generate security audits
0,796,fontdrvhost.ex,22,SeSystemEnvironmentPrivilege,,Edit firmware environment values
0,796,fontdrvhost.ex,23,SeChangeNotifyPrivilege,"Present,Enabled,Default",Receive notifications of changes to files or directories
0,796,fontdrvhost.ex,24,SeRemoteShutdownPrivilege,,Force shutdown from a remote system
0,796,fontdrvhost.ex,25,SeUndockPrivilege,,Remove computer from docking station
0,796,fontdrvhost.ex,26,SeSyncAgentPrivilege,,Synch directory service data
0,796,fontdrvhost.ex,27,SeEnableDelegationPrivilege,,Enable user accounts to be trusted for delegation
0,796,fontdrvhost.ex,28,SeManageVolumePrivilege,,Manage the files on a volume
0,796,fontdrvhost.ex,29,SeImpersonatePrivilege,,Impersonate a client after authentication
0,796,fontdrvhost.ex,30,SeCreateGlobalPrivilege,,Create global objects
0,796,fontdrvhost.ex,31,SeTrustedCredManAccessPrivilege,,Access Credential Manager as a trusted caller
0,796,fontdrvhost.ex,32,SeRelabelPrivilege,,Modify the mandatory integrity level of an object
0,796,fontdrvhost.ex,33,SeIncreaseWorkingSetPrivilege,"Present,Enabled",Allocate more memory for user applications
0,796,fontdrvhost.ex,34,SeTimeZonePrivilege,,Adjust the time zone of the computer's internal clock
0,796,fontdrvhost.ex,35,SeCreateSymbolicLinkPrivilege,,Required to create a symbolic link
0,796,fontdrvhost.ex,36,SeDelegateSessionUserImpersonatePrivilege,,Obtain an impersonation token for another user in the same session.
0,884,svchost.exe,2,SeCreateTokenPrivilege,,Create a token object
0,884,svchost.exe,3,SeAssignPrimaryTokenPrivilege,,Replace a process-level token
0,884,svchost.exe,4,SeLockMemoryPrivilege,,Lock pages in memory
0,884,svchost.exe,5,SeIncreaseQuotaPrivilege,,Increase quotas
0,884,svchost.exe,6,SeMachineAccountPrivilege,,Add workstations to the domain
0,884,svchost.exe,7,SeTcbPrivilege,,Act as part of the operating system
0,884,svchost.exe,8,SeSecurityPrivilege,,Manage auditing and security log
0,884,svchost.exe,9,SeTakeOwnershipPrivilege,,Take ownership of files/objects
0,884,svchost.exe,10,SeLoadDriverPrivilege,,Load and unload device drivers
0,884,svchost.exe,11,SeSystemProfilePrivilege,,Profile system performance
0,884,svchost.exe,12,SeSystemtimePrivilege,,Change the system time
0,884,svchost.exe,13,SeProfileSingleProcessPrivilege,,Profile a single process
0,884,svchost.exe,14,SeIncreaseBasePriorityPrivilege,,Increase scheduling priority
0,884,svchost.exe,15,SeCreatePagefilePrivilege,,Create a pagefile
0,884,svchost.exe,16,SeCreatePermanentPrivilege,,Create permanent shared objects
0,884,svchost.exe,17,SeBackupPrivilege,,Backup files and directories
0,884,svchost.exe,18,SeRestorePrivilege,,Restore files and directories
0,884,svchost.exe,19,SeShutdownPrivilege,,Shut down the system
0,884,svchost.exe,20,SeDebugPrivilege,,Debug programs
0,884,svchost.exe,21,SeAuditPrivilege,,Generate security audits
0,884,svchost.exe,22,SeSystemEnvironmentPrivilege,,Edit firmware environment values
0,884,svchost.exe,23,SeChangeNotifyPrivilege,"Present,Enabled,Default",Receive notifications of changes to files or directories
0,884,svchost.exe,24,SeRemoteShutdownPrivilege,,Force shutdown from a remote system
0,884,svchost.exe,25,SeUndockPrivilege,,Remove computer from docking station
0,884,svchost.exe,26,SeSyncAgentPrivilege,,Synch directory service data
0,884,svchost.exe,27,SeEnableDelegationPrivilege,,Enable user accounts to be trusted for delegation
0,884,svchost.exe,28,SeManageVolumePrivilege,,Manage the files on a volume
0,884,svchost.exe,29,SeImpersonatePrivilege,"Present,Enabled,Default",Impersonate a client after authentication
0,884,svchost.exe,30,SeCreateGlobalPrivilege,"Present,Enabled,Default",Create global objects
0,884,svchost.exe,31,SeTrustedCredManAccessPrivilege,,Access Credential Manager as a trusted caller
0,884,svchost.exe,32,SeRelabelPrivilege,,Modify the mandatory integrity level of an object
0,884,svchost.exe,33,SeIncreaseWorkingSetPrivilege,,Allocate more memory for user applications
0,884,svchost.exe,34,SeTimeZonePrivilege,,Adjust the time zone of the computer's internal clock
0,884,svchost.exe,35,SeCreateSymbolicLinkPrivilege,,Required to create a symbolic link
0,884,svchost.exe,36,SeDelegateSessionUserImpersonatePrivilege,,Obtain an impersonation token for another user in the same session.
0,968,dwm.exe,2,SeCreateTokenPrivilege,,Create a token object
0,968,dwm.exe,3,SeAssignPrimaryTokenPrivilege,,Replace a process-level token
0,968,dwm.exe,4,SeLockMemoryPrivilege,,Lock pages in memory
0,968,dwm.exe,5,SeIncreaseQuotaPrivilege,,Increase quotas
0,968,dwm.exe,6,SeMachineAccountPrivilege,,Add workstations to the domain
0,968,dwm.exe,7,SeTcbPrivilege,,Act as part of the operating system
0,968,dwm.exe,8,SeSecurityPrivilege,,Manage auditing and security log
0,968,dwm.exe,9,SeTakeOwnershipPrivilege,,Take ownership of files/objects
0,968,dwm.exe,10,SeLoadDriverPrivilege,,Load and unload device drivers
0,968,dwm.exe,11,SeSystemProfilePrivilege,,Profile system performance
0,968,dwm.exe,12,SeSystemtimePrivilege,,Change the system time
0,968,dwm.exe,13,SeProfileSingleProcessPrivilege,,Profile a single process
0,968,dwm.exe,14,SeIncreaseBasePriorityPrivilege,"Present,Enabled",Increase scheduling priority
0,968,dwm.exe,15,SeCreatePagefilePrivilege,,Create a pagefile
0,968,dwm.exe,16,SeCreatePermanentPrivilege,,Create permanent shared objects
0,968,dwm.exe,17,SeBackupPrivilege,,Backup files and directories
0,968,dwm.exe,18,SeRestorePrivilege,,Restore files and directories
0,968,dwm.exe,19,SeShutdownPrivilege,,Shut down the system
0,968,dwm.exe,20,SeDebugPrivilege,,Debug programs
0,968,dwm.exe,21,SeAuditPrivilege,,Generate security audits
0,968,dwm.exe,22,SeSystemEnvironmentPrivilege,,Edit firmware environment values
0,968,dwm.exe,23,SeChangeNotifyPrivilege,"Present,Enabled,Default",Receive notifications of changes to files or directories
0,968,dwm.exe,24,SeRemoteShutdownPrivilege,,Force shutdown from a remote system
0,968,dwm.exe,25,SeUndockPrivilege,,Remove computer from docking station
0,968,dwm.exe,26,SeSyncAgentPrivilege,,Synch directory service data
0,968,dwm.exe,27,SeEnableDelegationPrivilege,,Enable user accounts to be trusted for delegation
0,968,dwm.exe,28,SeManageVolumePrivilege,,Manage the files on a volume
0,968,dwm.exe,29,SeImpersonatePrivilege,,Impersonate a client after authentication
0,968,dwm.exe,30,SeCreateGlobalPrivilege,"Present,Enabled,Default",Create global objects
0,968,dwm.exe,31,SeTrustedCredManAccessPrivilege,,Access Credential Manager as a trusted caller
0,968,dwm.exe,32,SeRelabelPrivilege,,Modify the mandatory integrity level of an object
0,968,dwm.exe,33,SeIncreaseWorkingSetPrivilege,"Present,Enabled",Allocate more memory for user applications
0,968,dwm.exe,34,SeTimeZonePrivilege,,Adjust the time zone of the computer's internal clock
0,968,dwm.exe,35,SeCreateSymbolicLinkPrivilege,,Required to create a symbolic link
0,968,dwm.exe,36,SeDelegateSessionUserImpersonatePrivilege,,Obtain an impersonation token for another user in the same session.
0,360,svchost.exe,2,SeCreateTokenPrivilege,,Create a token object
0,360,svchost.exe,3,SeAssignPrimaryTokenPrivilege,Present,Replace a process-level token
0,360,svchost.exe,4,SeLockMemoryPrivilege,"Present,Enabled,Default",Lock pages in memory
0,360,svchost.exe,5,SeIncreaseQuotaPrivilege,Present,Increase quotas
0,360,svchost.exe,6,SeMachineAccountPrivilege,,Add workstations to the domain
0,360,svchost.exe,7,SeTcbPrivilege,"Present,Enabled,Default",Act as part of the operating system
0,360,svchost.exe,8,SeSecurityPrivilege,Present,Manage auditing and security log
0,360,svchost.exe,9,SeTakeOwnershipPrivilege,Present,Take ownership of files/objects
0,360,svchost.exe,10,SeLoadDriverPrivilege,Present,Load and unload device drivers
0,360,svchost.exe,11,SeSystemProfilePrivilege,"Present,Enabled,Default",Profile system performance
0,360,svchost.exe,12,SeSystemtimePrivilege,Present,Change the system time
0,360,svchost.exe,13,SeProfileSingleProcessPrivilege,"Present,Enabled,Default",Profile a single process
0,360,svchost.exe,14,SeIncreaseBasePriorityPrivilege,"Present,Enabled,Default",Increase scheduling priority
0,360,svchost.exe,15,SeCreatePagefilePrivilege,"Present,Enabled,Default",Create a pagefile
0,360,svchost.exe,16,SeCreatePermanentPrivilege,"Present,Enabled,Default",Create permanent shared objects
0,360,svchost.exe,17,SeBackupPrivilege,Present,Backup files and directories
0,360,svchost.exe,18,SeRestorePrivilege,Present,Restore files and directories
0,360,svchost.exe,19,SeShutdownPrivilege,Present,Shut down the system
0,360,svchost.exe,20,SeDebugPrivilege,"Present,Enabled,Default",Debug programs
0,360,svchost.exe,21,SeAuditPrivilege,"Present,Enabled,Default",Generate security audits
0,360,svchost.exe,22,SeSystemEnvironmentPrivilege,Present,Edit firmware environment values
0,360,svchost.exe,23,SeChangeNotifyPrivilege,"Present,Enabled,Default",Receive notifications of changes to files or directories
0,360,svchost.exe,24,SeRemoteShutdownPrivilege,,Force shutdown from a remote system
0,360,svchost.exe,25,SeUndockPrivilege,Present,Remove computer from docking station
0,360,svchost.exe,26,SeSyncAgentPrivilege,,Synch directory service data
0,360,svchost.exe,27,SeEnableDelegationPrivilege,,Enable user accounts to be trusted for delegation
0,360,svchost.exe,28,SeManageVolumePrivilege,Present,Manage the files on a volume
0,360,svchost.exe,29,SeImpersonatePrivilege,"Present,Enabled,Default",Impersonate a client after authentication
0,360,svchost.exe,30,SeCreateGlobalPrivilege,"Present,Enabled,Default",Create global objects
0,360,svchost.exe,31,SeTrustedCredManAccessPrivilege,,Access Credential Manager as a trusted caller
0,360,svchost.exe,32,SeRelabelPrivilege,,Modify the mandatory integrity level of an object
0,360,svchost.exe,33,SeIncreaseWorkingSetPrivilege,"Present,Enabled,Default",Allocate more memory for user applications
0,360,svchost.exe,34,SeTimeZonePrivilege,"Present,Enabled,Default",Adjust the time zone of the computer's internal clock
0,360,svchost.exe,35,SeCreateSymbolicLinkPrivilege,"Present,Enabled,Default",Required to create a symbolic link
0,360,svchost.exe,36,SeDelegateSessionUserImpersonatePrivilege,"Present,Enabled,Default",Obtain an impersonation token for another user in the same session.
0,680,svchost.exe,2,SeCreateTokenPrivilege,,Create a token object
0,680,svchost.exe,3,SeAssignPrimaryTokenPrivilege,Present,Replace a process-level token
0,680,svchost.exe,4,SeLockMemoryPrivilege,"Present,Enabled,Default",Lock pages in memory
0,680,svchost.exe,5,SeIncreaseQuotaPrivilege,Present,Increase quotas
0,680,svchost.exe,6,SeMachineAccountPrivilege,,Add workstations to the domain
0,680,svchost.exe,7,SeTcbPrivilege,"Present,Enabled,Default",Act as part of the operating system
0,680,svchost.exe,8,SeSecurityPrivilege,Present,Manage auditing and security log
0,680,svchost.exe,9,SeTakeOwnershipPrivilege,Present,Take ownership of files/objects
0,680,svchost.exe,10,SeLoadDriverPrivilege,Present,Load and unload device drivers
0,680,svchost.exe,11,SeSystemProfilePrivilege,"Present,Enabled,Default",Profile system performance
0,680,svchost.exe,12,SeSystemtimePrivilege,Present,Change the system time
0,680,svchost.exe,13,SeProfileSingleProcessPrivilege,"Present,Enabled,Default",Profile a single process
0,680,svchost.exe,14,SeIncreaseBasePriorityPrivilege,"Present,Enabled,Default",Increase scheduling priority
0,680,svchost.exe,15,SeCreatePagefilePrivilege,"Present,Enabled,Default",Create a pagefile
0,680,svchost.exe,16,SeCreatePermanentPrivilege,"Present,Enabled,Default",Create permanent shared objects
0,680,svchost.exe,17,SeBackupPrivilege,Present,Backup files and directories
0,680,svchost.exe,18,SeRestorePrivilege,"Present,Enabled",Restore files and directories
0,680,svchost.exe,19,SeShutdownPrivilege,Present,Shut down the system
0,680,svchost.exe,20,SeDebugPrivilege,"Present,Enabled,Default",Debug programs
0,680,svchost.exe,21,SeAuditPrivilege,"Present,Enabled,Default",Generate security audits
0,680,svchost.exe,22,SeSystemEnvironmentPrivilege,Present,Edit firmware environment values
0,680,svchost.exe,23,SeChangeNotifyPrivilege,"Present,Enabled,Default",Receive notifications of changes to files or directories
0,680,svchost.exe,24,SeRemoteShutdownPrivilege,,Force shutdown from a remote system
0,680,svchost.exe,25,SeUndockPrivilege,Present,Remove computer from docking station
0,680,svchost.exe,26,SeSyncAgentPrivilege,,Synch directory service data
0,680,svchost.exe,27,SeEnableDelegationPrivilege,,Enable user accounts to be trusted for delegation
0,680,svchost.exe,28,SeManageVolumePrivilege,"Present,Enabled",Manage the files on a volume
0,680,svchost.exe,29,SeImpersonatePrivilege,"Present,Enabled,Default",Impersonate a client after authentication
0,680,svchost.exe,30,SeCreateGlobalPrivilege,"Present,Enabled,Default",Create global objects
0,680,svchost.exe,31,SeTrustedCredManAccessPrivilege,,Access Credential Manager as a trusted caller
0,680,svchost.exe,32,SeRelabelPrivilege,,Modify the mandatory integrity level of an object
0,680,svchost.exe,33,SeIncreaseWorkingSetPrivilege,"Present,Enabled,Default",Allocate more memory for user applications
0,680,svchost.exe,34,SeTimeZonePrivilege,"Present,Enabled,Default",Adjust the time zone of the computer's internal clock
0,680,svchost.exe,35,SeCreateSymbolicLinkPrivilege,"Present,Enabled,Default",Required to create a symbolic link
0,680,svchost.exe,36,SeDelegateSessionUserImpersonatePrivilege,"Present,Enabled,Default",Obtain an impersonation token for another user in the same session.
0,1044,svchost.exe,2,SeCreateTokenPrivilege,,Create a token object
0,1044,svchost.exe,3,SeAssignPrimaryTokenPrivilege,Present,Replace a process-level token
0,1044,svchost.exe,4,SeLockMemoryPrivilege,,Lock pages in memory
0,1044,svchost.exe,5,SeIncreaseQuotaPrivilege,Present,Increase quotas
0,1044,svchost.exe,6,SeMachineAccountPrivilege,,Add workstations to the domain
0,1044,svchost.exe,7,SeTcbPrivilege,,Act as part of the operating system
0,1044,svchost.exe,8,SeSecurityPrivilege,,Manage auditing and security log
0,1044,svchost.exe,9,SeTakeOwnershipPrivilege,,Take ownership of files/objects
0,1044,svchost.exe,10,SeLoadDriverPrivilege,,Load and unload device drivers
0,1044,svchost.exe,11,SeSystemProfilePrivilege,,Profile system performance
0,1044,svchost.exe,12,SeSystemtimePrivilege,Present,Change the system time
0,1044,svchost.exe,13,SeProfileSingleProcessPrivilege,,Profile a single process
0,1044,svchost.exe,14,SeIncreaseBasePriorityPrivilege,,Increase scheduling priority
0,1044,svchost.exe,15,SeCreatePagefilePrivilege,,Create a pagefile
0,1044,svchost.exe,16,SeCreatePermanentPrivilege,,Create permanent shared objects
0,1044,svchost.exe,17,SeBackupPrivilege,,Backup files and directories
0,1044,svchost.exe,18,SeRestorePrivilege,,Restore files and directories
0,1044,svchost.exe,19,SeShutdownPrivilege,Present,Shut down the system
0,1044,svchost.exe,20,SeDebugPrivilege,,Debug programs
0,1044,svchost.exe,21,SeAuditPrivilege,Present,Generate security audits
0,1044,svchost.exe,22,SeSystemEnvironmentPrivilege,,Edit firmware environment values
0,1044,svchost.exe,23,SeChangeNotifyPrivilege,"Present,Enabled,Default",Receive notifications of changes to files or directories
0,1044,svchost.exe,24,SeRemoteShutdownPrivilege,,Force shutdown from a remote system
0,1044,svchost.exe,25,SeUndockPrivilege,Present,Remove computer from docking station
0,1044,svchost.exe,26,SeSyncAgentPrivilege,,Synch directory service data
0,1044,svchost.exe,27,SeEnableDelegationPrivilege,,Enable user accounts to be trusted for delegation
0,1044,svchost.exe,28,SeManageVolumePrivilege,,Manage the files on a volume
0,1044,svchost.exe,29,SeImpersonatePrivilege,"Present,Enabled,Default",Impersonate a client after authentication
0,1044,svchost.exe,30,SeCreateGlobalPrivilege,"Present,Enabled,Default",Create global objects
0,1044,svchost.exe,31,SeTrustedCredManAccessPrivilege,,Access Credential Manager as a trusted caller
0,1044,svchost.exe,32,SeRelabelPrivilege,,Modify the mandatory integrity level of an object
0,1044,svchost.exe,33,SeIncreaseWorkingSetPrivilege,Present,Allocate more memory for user applications
0,1044,svchost.exe,34,SeTimeZonePrivilege,Present,Adjust the time zone of the computer's internal clock
0,1044,svchost.exe,35,SeCreateSymbolicLinkPrivilege,,Required to create a symbolic link
0,1044,svchost.exe,36,SeDelegateSessionUserImpersonatePrivilege,,Obtain an impersonation token for another user in the same session.
0,1052,svchost.exe,2,SeCreateTokenPrivilege,,Create a token object
0,1052,svchost.exe,3,SeAssignPrimaryTokenPrivilege,Present,Replace a process-level token
0,1052,svchost.exe,4,SeLockMemoryPrivilege,,Lock pages in memory
0,1052,svchost.exe,5,SeIncreaseQuotaPrivilege,Present,Increase quotas
0,1052,svchost.exe,6,SeMachineAccountPrivilege,,Add workstations to the domain
0,1052,svchost.exe,7,SeTcbPrivilege,,Act as part of the operating system
0,1052,svchost.exe,8,SeSecurityPrivilege,,Manage auditing and security log
0,1052,svchost.exe,9,SeTakeOwnershipPrivilege,,Take ownership of files/objects
0,1052,svchost.exe,10,SeLoadDriverPrivilege,,Load and unload device drivers
0,1052,svchost.exe,11,SeSystemProfilePrivilege,,Profile system performance
0,1052,svchost.exe,12,SeSystemtimePrivilege,Present,Change the system time
0,1052,svchost.exe,13,SeProfileSingleProcessPrivilege,,Profile a single process
0,1052,svchost.exe,14,SeIncreaseBasePriorityPrivilege,,Increase scheduling priority
0,1052,svchost.exe,15,SeCreatePagefilePrivilege,,Create a pagefile
0,1052,svchost.exe,16,SeCreatePermanentPrivilege,,Create permanent shared objects
0,1052,svchost.exe,17,SeBackupPrivilege,,Backup files and directories
0,1052,svchost.exe,18,SeRestorePrivilege,,Restore files and directories
0,1052,svchost.exe,19,SeShutdownPrivilege,Present,Shut down the system
0,1052,svchost.exe,20,SeDebugPrivilege,,Debug programs
0,1052,svchost.exe,21,SeAuditPrivilege,Present,Generate security audits
0,1052,svchost.exe,22,SeSystemEnvironmentPrivilege,,Edit firmware environment values
0,1052,svchost.exe,23,SeChangeNotifyPrivilege,"Present,Enabled,Default",Receive notifications of changes to files or directories
0,1052,svchost.exe,24,SeRemoteShutdownPrivilege,,Force shutdown from a remote system
0,1052,svchost.exe,25,SeUndockPrivilege,Present,Remove computer from docking station
0,1052,svchost.exe,26,SeSyncAgentPrivilege,,Synch directory service data
0,1052,svchost.exe,27,SeEnableDelegationPrivilege,,Enable user accounts to be trusted for delegation
0,1052,svchost.exe,28,SeManageVolumePrivilege,,Manage the files on a volume
0,1052,svchost.exe,29,SeImpersonatePrivilege,"Present,Enabled,Default",Impersonate a client after authentication
0,1052,svchost.exe,30,SeCreateGlobalPrivilege,"Present,Enabled,Default",Create global objects
0,1052,svchost.exe,31,SeTrustedCredManAccessPrivilege,,Access Credential Manager as a trusted caller
0,1052,svchost.exe,32,SeRelabelPrivilege,,Modify the mandatory integrity level of an object
0,1052,svchost.exe,33,SeIncreaseWorkingSetPrivilege,Present,Allocate more memory for user applications
0,1052,svchost.exe,34,SeTimeZonePrivilege,Present,Adjust the time zone of the computer's internal clock
0,1052,svchost.exe,35,SeCreateSymbolicLinkPrivilege,,Required to create a symbolic link
0,1052,svchost.exe,36,SeDelegateSessionUserImpersonatePrivilege,,Obtain an impersonation token for another user in the same session.
0,1196,svchost.exe,2,SeCreateTokenPrivilege,,Create a token object
0,1196,svchost.exe,3,SeAssignPrimaryTokenPrivilege,Present,Replace a process-level token
0,1196,svchost.exe,4,SeLockMemoryPrivilege,,Lock pages in memory
0,1196,svchost.exe,5,SeIncreaseQuotaPrivilege,Present,Increase quotas
0,1196,svchost.exe,6,SeMachineAccountPrivilege,,Add workstations to the domain
0,1196,svchost.exe,7,SeTcbPrivilege,,Act as part of the operating system
0,1196,svchost.exe,8,SeSecurityPrivilege,,Manage auditing and security log
0,1196,svchost.exe,9,SeTakeOwnershipPrivilege,,Take ownership of files/objects
0,1196,svchost.exe,10,SeLoadDriverPrivilege,,Load and unload device drivers
0,1196,svchost.exe,11,SeSystemProfilePrivilege,Present,Profile system performance
0,1196,svchost.exe,12,SeSystemtimePrivilege,Present,Change the system time
0,1196,svchost.exe,13,SeProfileSingleProcessPrivilege,,Profile a single process
0,1196,svchost.exe,14,SeIncreaseBasePriorityPrivilege,,Increase scheduling priority
0,1196,svchost.exe,15,SeCreatePagefilePrivilege,,Create a pagefile
0,1196,svchost.exe,16,SeCreatePermanentPrivilege,,Create permanent shared objects
0,1196,svchost.exe,17,SeBackupPrivilege,,Backup files and directories
0,1196,svchost.exe,18,SeRestorePrivilege,,Restore files and directories
0,1196,svchost.exe,19,SeShutdownPrivilege,,Shut down the system
0,1196,svchost.exe,20,SeDebugPrivilege,,Debug programs
0,1196,svchost.exe,21,SeAuditPrivilege,Present,Generate security audits
0,1196,svchost.exe,22,SeSystemEnvironmentPrivilege,,Edit firmware environment values
0,1196,svchost.exe,23,SeChangeNotifyPrivilege,"Present,Enabled,Default",Receive notifications of changes to files or directories
0,1196,svchost.exe,24,SeRemoteShutdownPrivilege,,Force shutdown from a remote system
0,1196,svchost.exe,25,SeUndockPrivilege,,Remove computer from docking station
0,1196,svchost.exe,26,SeSyncAgentPrivilege,,Synch directory service data
0,1196,svchost.exe,27,SeEnableDelegationPrivilege,,Enable user accounts to be trusted for delegation
0,1196,svchost.exe,28,SeManageVolumePrivilege,,Manage the files on a volume
0,1196,svchost.exe,29,SeImpersonatePrivilege,"Present,Enabled,Default",Impersonate a client after authentication
0,1196,svchost.exe,30,SeCreateGlobalPrivilege,"Present,Enabled,Default",Create global objects
0,1196,svchost.exe,31,SeTrustedCredManAccessPrivilege,,Access Credential Manager as a trusted caller
0,1196,svchost.exe,32,SeRelabelPrivilege,,Modify the mandatory integrity level of an object
0,1196,svchost.exe,33,SeIncreaseWorkingSetPrivilege,Present,Allocate more memory for user applications
0,1196,svchost.exe,34,SeTimeZonePrivilege,Present,Adjust the time zone of the computer's internal clock
0,1196,svchost.exe,35,SeCreateSymbolicLinkPrivilege,,Required to create a symbolic link
0,1196,svchost.exe,36,SeDelegateSessionUserImpersonatePrivilege,,Obtain an impersonation token for another user in the same session.
0,1328,MemCompression,2,SeCreateTokenPrivilege,Present,Create a token object
0,1328,MemCompression,3,SeAssignPrimaryTokenPrivilege,Present,Replace a process-level token
0,1328,MemCompression,4,SeLockMemoryPrivilege,"Present,Enabled,Default",Lock pages in memory
0,1328,MemCompression,5,SeIncreaseQuotaPrivilege,Present,Increase quotas
0,1328,MemCompression,6,SeMachineAccountPrivilege,,Add workstations to the domain
0,1328,MemCompression,7,SeTcbPrivilege,"Present,Enabled,Default",Act as part of the operating system
0,1328,MemCompression,8,SeSecurityPrivilege,Present,Manage auditing and security log
0,1328,MemCompression,9,SeTakeOwnershipPrivilege,Present,Take ownership of files/objects
0,1328,MemCompression,10,SeLoadDriverPrivilege,Present,Load and unload device drivers
0,1328,MemCompression,11,SeSystemProfilePrivilege,"Present,Enabled,Default",Profile system performance
0,1328,MemCompression,12,SeSystemtimePrivilege,Present,Change the system time
0,1328,MemCompression,13,SeProfileSingleProcessPrivilege,"Present,Enabled,Default",Profile a single process
0,1328,MemCompression,14,SeIncreaseBasePriorityPrivilege,"Present,Enabled,Default",Increase scheduling priority
0,1328,MemCompression,15,SeCreatePagefilePrivilege,"Present,Enabled,Default",Create a pagefile
0,1328,MemCompression,16,SeCreatePermanentPrivilege,"Present,Enabled,Default",Create permanent shared objects
0,1328,MemCompression,17,SeBackupPrivilege,Present,Backup files and directories
0,1328,MemCompression,18,SeRestorePrivilege,Present,Restore files and directories
0,1328,MemCompression,19,SeShutdownPrivilege,Present,Shut down the system
0,1328,MemCompression,20,SeDebugPrivilege,"Present,Enabled,Default",Debug programs
0,1328,MemCompression,21,SeAuditPrivilege,"Present,Enabled,Default",Generate security audits
0,1328,MemCompression,22,SeSystemEnvironmentPrivilege,Present,Edit firmware environment values
0,1328,MemCompression,23,SeChangeNotifyPrivilege,"Present,Enabled,Default",Receive notifications of changes to files or directories
0,1328,MemCompression,24,SeRemoteShutdownPrivilege,,Force shutdown from a remote system
0,1328,MemCompression,25,SeUndockPrivilege,Present,Remove computer from docking station
0,1328,MemCompression,26,SeSyncAgentPrivilege,,Synch directory service data
0,1328,MemCompression,27,SeEnableDelegationPrivilege,,Enable user accounts to be trusted for delegation
0,1328,MemCompression,28,SeManageVolumePrivilege,Present,Manage the files on a volume
0,1328,MemCompression,29,SeImpersonatePrivilege,"Present,Enabled,Default",Impersonate a client after authentication
0,1328,MemCompression,30,SeCreateGlobalPrivilege,"Present,Enabled,Default",Create global objects
0,1328,MemCompression,31,SeTrustedCredManAccessPrivilege,Present,Access Credential Manager as a trusted caller
0,1328,MemCompression,32,SeRelabelPrivilege,Present,Modify the mandatory integrity level of an object
0,1328,MemCompression,33,SeIncreaseWorkingSetPrivilege,"Present,Enabled,Default",Allocate more memory for user applications
0,1328,MemCompression,34,SeTimeZonePrivilege,"Present,Enabled,Default",Adjust the time zone of the computer's internal clock
0,1328,MemCompression,35,SeCreateSymbolicLinkPrivilege,"Present,Enabled,Default",Required to create a symbolic link
0,1328,MemCompression,36,SeDelegateSessionUserImpersonatePrivilege,"Present,Enabled,Default",Obtain an impersonation token for another user in the same session.
0,1392,svchost.exe,2,SeCreateTokenPrivilege,,Create a token object
0,1392,svchost.exe,3,SeAssignPrimaryTokenPrivilege,Present,Replace a process-level token
0,1392,svchost.exe,4,SeLockMemoryPrivilege,,Lock pages in memory
0,1392,svchost.exe,5,SeIncreaseQuotaPrivilege,Present,Increase quotas
0,1392,svchost.exe,6,SeMachineAccountPrivilege,,Add workstations to the domain
0,1392,svchost.exe,7,SeTcbPrivilege,,Act as part of the operating system
0,1392,svchost.exe,8,SeSecurityPrivilege,,Manage auditing and security log
0,1392,svchost.exe,9,SeTakeOwnershipPrivilege,,Take ownership of files/objects
0,1392,svchost.exe,10,SeLoadDriverPrivilege,,Load and unload device drivers
0,1392,svchost.exe,11,SeSystemProfilePrivilege,,Profile system performance
0,1392,svchost.exe,12,SeSystemtimePrivilege,,Change the system time
0,1392,svchost.exe,13,SeProfileSingleProcessPrivilege,,Profile a single process
0,1392,svchost.exe,14,SeIncreaseBasePriorityPrivilege,,Increase scheduling priority
0,1392,svchost.exe,15,SeCreatePagefilePrivilege,,Create a pagefile
0,1392,svchost.exe,16,SeCreatePermanentPrivilege,,Create permanent shared objects
0,1392,svchost.exe,17,SeBackupPrivilege,,Backup files and directories
0,1392,svchost.exe,18,SeRestorePrivilege,,Restore files and directories
0,1392,svchost.exe,19,SeShutdownPrivilege,Present,Shut down the system
0,1392,svchost.exe,20,SeDebugPrivilege,,Debug programs
0,1392,svchost.exe,21,SeAuditPrivilege,"Present,Enabled",Generate security audits
0,1392,svchost.exe,22,SeSystemEnvironmentPrivilege,,Edit firmware environment values
0,1392,svchost.exe,23,SeChangeNotifyPrivilege,"Present,Enabled,Default",Receive notifications of changes to files or directories
0,1392,svchost.exe,24,SeRemoteShutdownPrivilege,,Force shutdown from a remote system
0,1392,svchost.exe,25,SeUndockPrivilege,Present,Remove computer from docking station
0,1392,svchost.exe,26,SeSyncAgentPrivilege,,Synch directory service data
0,1392,svchost.exe,27,SeEnableDelegationPrivilege,,Enable user accounts to be trusted for delegation
0,1392,svchost.exe,28,SeManageVolumePrivilege,,Manage the files on a volume
0,1392,svchost.exe,29,SeImpersonatePrivilege,"Present,Enabled,Default",Impersonate a client after authentication
0,1392,svchost.exe,30,SeCreateGlobalPrivilege,"Present,Enabled,Default",Create global objects
0,1392,svchost.exe,31,SeTrustedCredManAccessPrivilege,,Access Credential Manager as a trusted caller
0,1392,svchost.exe,32,SeRelabelPrivilege,,Modify the mandatory integrity level of an object
0,1392,svchost.exe,33,SeIncreaseWorkingSetPrivilege,Present,Allocate more memory for user applications
0,1392,svchost.exe,34,SeTimeZonePrivilege,Present,Adjust the time zone of the computer's internal clock
0,1392,svchost.exe,35,SeCreateSymbolicLinkPrivilege,,Required to create a symbolic link
0,1392,svchost.exe,36,SeDelegateSessionUserImpersonatePrivilege,,Obtain an impersonation token for another user in the same session.
0,1536,svchost.exe,2,SeCreateTokenPrivilege,,Create a token object
0,1536,svchost.exe,3,SeAssignPrimaryTokenPrivilege,,Replace a process-level token
0,1536,svchost.exe,4,SeLockMemoryPrivilege,,Lock pages in memory
0,1536,svchost.exe,5,SeIncreaseQuotaPrivilege,,Increase quotas
0,1536,svchost.exe,6,SeMachineAccountPrivilege,,Add workstations to the domain
0,1536,svchost.exe,7,SeTcbPrivilege,,Act as part of the operating system
0,1536,svchost.exe,8,SeSecurityPrivilege,,Manage auditing and security log
0,1536,svchost.exe,9,SeTakeOwnershipPrivilege,,Take ownership of files/objects
0,1536,svchost.exe,10,SeLoadDriverPrivilege,,Load and unload device drivers
0,1536,svchost.exe,11,SeSystemProfilePrivilege,,Profile system performance
0,1536,svchost.exe,12,SeSystemtimePrivilege,,Change the system time
0,1536,svchost.exe,13,SeProfileSingleProcessPrivilege,,Profile a single process
0,1536,svchost.exe,14,SeIncreaseBasePriorityPrivilege,,Increase scheduling priority
0,1536,svchost.exe,15,SeCreatePagefilePrivilege,,Create a pagefile
0,1536,svchost.exe,16,SeCreatePermanentPrivilege,,Create permanent shared objects
0,1536,svchost.exe,17,SeBackupPrivilege,,Backup files and directories
0,1536,svchost.exe,18,SeRestorePrivilege,,Restore files and directories
0,1536,svchost.exe,19,SeShutdownPrivilege,,Shut down the system
0,1536,svchost.exe,20,SeDebugPrivilege,,Debug programs
0,1536,svchost.exe,21,SeAuditPrivilege,,Generate security audits
0,1536,svchost.exe,22,SeSystemEnvironmentPrivilege,,Edit firmware environment values
0,1536,svchost.exe,23,SeChangeNotifyPrivilege,"Present,Enabled,Default",Receive notifications of changes to files or directories
0,1536,svchost.exe,24,SeRemoteShutdownPrivilege,,Force shutdown from a remote system
0,1536,svchost.exe,25,SeUndockPrivilege,,Remove computer from docking station
0,1536,svchost.exe,26,SeSyncAgentPrivilege,,Synch directory service data
0,1536,svchost.exe,27,SeEnableDelegationPrivilege,,Enable user accounts to be trusted for delegation
0,1536,svchost.exe,28,SeManageVolumePrivilege,,Manage the files on a volume
0,1536,svchost.exe,29,SeImpersonatePrivilege,"Present,Enabled,Default",Impersonate a client after authentication
0,1536,svchost.exe,30,SeCreateGlobalPrivilege,Default,Create global objects
0,1536,svchost.exe,31,SeTrustedCredManAccessPrivilege,,Access Credential Manager as a trusted caller
0,1536,svchost.exe,32,SeRelabelPrivilege,,Modify the mandatory integrity level of an object
0,1536,svchost.exe,33,SeIncreaseWorkingSetPrivilege,Present,Allocate more memory for user applications
0,1536,svchost.exe,34,SeTimeZonePrivilege,,Adjust the time zone of the computer's internal clock
0,1536,svchost.exe,35,SeCreateSymbolicLinkPrivilege,,Required to create a symbolic link
0,1536,svchost.exe,36,SeDelegateSessionUserImpersonatePrivilege,,Obtain an impersonation token for another user in the same session.
0,1676,svchost.exe,2,SeCreateTokenPrivilege,,Create a token object
0,1676,svchost.exe,3,SeAssignPrimaryTokenPrivilege,Present,Replace a process-level token
0,1676,svchost.exe,4,SeLockMemoryPrivilege,,Lock pages in memory
0,1676,svchost.exe,5,SeIncreaseQuotaPrivilege,Present,Increase quotas
0,1676,svchost.exe,6,SeMachineAccountPrivilege,,Add workstations to the domain
0,1676,svchost.exe,7,SeTcbPrivilege,,Act as part of the operating system
0,1676,svchost.exe,8,SeSecurityPrivilege,,Manage auditing and security log
0,1676,svchost.exe,9,SeTakeOwnershipPrivilege,,Take ownership of files/objects
0,1676,svchost.exe,10,SeLoadDriverPrivilege,,Load and unload device drivers
0,1676,svchost.exe,11,SeSystemProfilePrivilege,,Profile system performance
0,1676,svchost.exe,12,SeSystemtimePrivilege,Present,Change the system time
0,1676,svchost.exe,13,SeProfileSingleProcessPrivilege,,Profile a single process
0,1676,svchost.exe,14,SeIncreaseBasePriorityPrivilege,,Increase scheduling priority
0,1676,svchost.exe,15,SeCreatePagefilePrivilege,,Create a pagefile
0,1676,svchost.exe,16,SeCreatePermanentPrivilege,,Create permanent shared objects
0,1676,svchost.exe,17,SeBackupPrivilege,,Backup files and directories
0,1676,svchost.exe,18,SeRestorePrivilege,,Restore files and directories
0,1676,svchost.exe,19,SeShutdownPrivilege,Present,Shut down the system
0,1676,svchost.exe,20,SeDebugPrivilege,,Debug programs
0,1676,svchost.exe,21,SeAuditPrivilege,Present,Generate security audits
0,1676,svchost.exe,22,SeSystemEnvironmentPrivilege,,Edit firmware environment values
0,1676,svchost.exe,23,SeChangeNotifyPrivilege,"Present,Enabled,Default",Receive notifications of changes to files or directories
0,1676,svchost.exe,24,SeRemoteShutdownPrivilege,,Force shutdown from a remote system
0,1676,svchost.exe,25,SeUndockPrivilege,Present,Remove computer from docking station
0,1676,svchost.exe,26,SeSyncAgentPrivilege,,Synch directory service data
0,1676,svchost.exe,27,SeEnableDelegationPrivilege,,Enable user accounts to be trusted for delegation
0,1676,svchost.exe,28,SeManageVolumePrivilege,,Manage the files on a volume
0,1676,svchost.exe,29,SeImpersonatePrivilege,"Present,Enabled,Default",Impersonate a client after authentication
0,1676,svchost.exe,30,SeCreateGlobalPrivilege,"Present,Enabled,Default",Create global objects
0,1676,svchost.exe,31,SeTrustedCredManAccessPrivilege,,Access Credential Manager as a trusted caller
0,1676,svchost.exe,32,SeRelabelPrivilege,,Modify the mandatory integrity level of an object
0,1676,svchost.exe,33,SeIncreaseWorkingSetPrivilege,Present,Allocate more memory for user applications
0,1676,svchost.exe,34,SeTimeZonePrivilege,Present,Adjust the time zone of the computer's internal clock
0,1676,svchost.exe,35,SeCreateSymbolicLinkPrivilege,,Required to create a symbolic link
0,1676,svchost.exe,36,SeDelegateSessionUserImpersonatePrivilege,,Obtain an impersonation token for another user in the same session.
0,1700,svchost.exe,2,SeCreateTokenPrivilege,,Create a token object
0,1700,svchost.exe,3,SeAssignPrimaryTokenPrivilege,,Replace a process-level token
0,1700,svchost.exe,4,SeLockMemoryPrivilege,,Lock pages in memory
0,1700,svchost.exe,5,SeIncreaseQuotaPrivilege,,Increase quotas
0,1700,svchost.exe,6,SeMachineAccountPrivilege,,Add workstations to the domain
0,1700,svchost.exe,7,SeTcbPrivilege,,Act as part of the operating system
0,1700,svchost.exe,8,SeSecurityPrivilege,,Manage auditing and security log
0,1700,svchost.exe,9,SeTakeOwnershipPrivilege,,Take ownership of files/objects
0,1700,svchost.exe,10,SeLoadDriverPrivilege,,Load and unload device drivers
0,1700,svchost.exe,11,SeSystemProfilePrivilege,,Profile system performance
0,1700,svchost.exe,12,SeSystemtimePrivilege,,Change the system time
0,1700,svchost.exe,13,SeProfileSingleProcessPrivilege,,Profile a single process
0,1700,svchost.exe,14,SeIncreaseBasePriorityPrivilege,,Increase scheduling priority
0,1700,svchost.exe,15,SeCreatePagefilePrivilege,,Create a pagefile
0,1700,svchost.exe,16,SeCreatePermanentPrivilege,,Create permanent shared objects
0,1700,svchost.exe,17,SeBackupPrivilege,,Backup files and directories
0,1700,svchost.exe,18,SeRestorePrivilege,,Restore files and directories
0,1700,svchost.exe,19,SeShutdownPrivilege,,Shut down the system
0,1700,svchost.exe,20,SeDebugPrivilege,,Debug programs
0,1700,svchost.exe,21,SeAuditPrivilege,,Generate security audits
0,1700,svchost.exe,22,SeSystemEnvironmentPrivilege,,Edit firmware environment values
0,1700,svchost.exe,23,SeChangeNotifyPrivilege,"Present,Enabled,Default",Receive notifications of changes to files or directories
0,1700,svchost.exe,24,SeRemoteShutdownPrivilege,,Force shutdown from a remote system
0,1700,svchost.exe,25,SeUndockPrivilege,,Remove computer from docking station
0,1700,svchost.exe,26,SeSyncAgentPrivilege,,Synch directory service data
0,1700,svchost.exe,27,SeEnableDelegationPrivilege,,Enable user accounts to be trusted for delegation
0,1700,svchost.exe,28,SeManageVolumePrivilege,,Manage the files on a volume
0,1700,svchost.exe,29,SeImpersonatePrivilege,"Present,Enabled,Default",Impersonate a client after authentication
0,1700,svchost.exe,30,SeCreateGlobalPrivilege,Default,Create global objects
0,1700,svchost.exe,31,SeTrustedCredManAccessPrivilege,,Access Credential Manager as a trusted caller
0,1700,svchost.exe,32,SeRelabelPrivilege,,Modify the mandatory integrity level of an object
0,1700,svchost.exe,33,SeIncreaseWorkingSetPrivilege,,Allocate more memory for user applications
0,1700,svchost.exe,34,SeTimeZonePrivilege,,Adjust the time zone of the computer's internal clock
0,1700,svchost.exe,35,SeCreateSymbolicLinkPrivilege,,Required to create a symbolic link
0,1700,svchost.exe,36,SeDelegateSessionUserImpersonatePrivilege,,Obtain an impersonation token for another user in the same session.
0,1708,svchost.exe,2,SeCreateTokenPrivilege,,Create a token object
0,1708,svchost.exe,3,SeAssignPrimaryTokenPrivilege,Present,Replace a process-level token
0,1708,svchost.exe,4,SeLockMemoryPrivilege,Default,Lock pages in memory
0,1708,svchost.exe,5,SeIncreaseQuotaPrivilege,,Increase quotas
0,1708,svchost.exe,6,SeMachineAccountPrivilege,,Add workstations to the domain
0,1708,svchost.exe,7,SeTcbPrivilege,"Present,Enabled,Default",Act as part of the operating system
0,1708,svchost.exe,8,SeSecurityPrivilege,Present,Manage auditing and security log
0,1708,svchost.exe,9,SeTakeOwnershipPrivilege,Present,Take ownership of files/objects
0,1708,svchost.exe,10,SeLoadDriverPrivilege,,Load and unload device drivers
0,1708,svchost.exe,11,SeSystemProfilePrivilege,Default,Profile system performance
0,1708,svchost.exe,12,SeSystemtimePrivilege,,Change the system time
0,1708,svchost.exe,13,SeProfileSingleProcessPrivilege,Default,Profile a single process
0,1708,svchost.exe,14,SeIncreaseBasePriorityPrivilege,"Present,Enabled,Default",Increase scheduling priority
0,1708,svchost.exe,15,SeCreatePagefilePrivilege,Default,Create a pagefile
0,1708,svchost.exe,16,SeCreatePermanentPrivilege,"Present,Enabled,Default",Create permanent shared objects
0,1708,svchost.exe,17,SeBackupPrivilege,Present,Backup files and directories
0,1708,svchost.exe,18,SeRestorePrivilege,Present,Restore files and directories
0,1708,svchost.exe,19,SeShutdownPrivilege,,Shut down the system
0,1708,svchost.exe,20,SeDebugPrivilege,"Present,Enabled,Default",Debug programs
0,1708,svchost.exe,21,SeAuditPrivilege,Default,Generate security audits
0,1708,svchost.exe,22,SeSystemEnvironmentPrivilege,,Edit firmware environment values
0,1708,svchost.exe,23,SeChangeNotifyPrivilege,"Present,Enabled,Default",Receive notifications of changes to files or directories
0,1708,svchost.exe,24,SeRemoteShutdownPrivilege,,Force shutdown from a remote system
0,1708,svchost.exe,25,SeUndockPrivilege,,Remove computer from docking station
0,1708,svchost.exe,26,SeSyncAgentPrivilege,,Synch directory service data
0,1708,svchost.exe,27,SeEnableDelegationPrivilege,,Enable user accounts to be trusted for delegation
0,1708,svchost.exe,28,SeManageVolumePrivilege,,Manage the files on a volume
0,1708,svchost.exe,29,SeImpersonatePrivilege,"Present,Enabled,Default",Impersonate a client after authentication
0,1708,svchost.exe,30,SeCreateGlobalPrivilege,"Present,Enabled,Default",Create global objects
0,1708,svchost.exe,31,SeTrustedCredManAccessPrivilege,,Access Credential Manager as a trusted caller
0,1708,svchost.exe,32,SeRelabelPrivilege,,Modify the mandatory integrity level of an object
0,1708,svchost.exe,33,SeIncreaseWorkingSetPrivilege,"Present,Enabled,Default",Allocate more memory for user applications
0,1708,svchost.exe,34,SeTimeZonePrivilege,Default,Adjust the time zone of the computer's internal clock
0,1708,svchost.exe,35,SeCreateSymbolicLinkPrivilege,Default,Required to create a symbolic link
0,1708,svchost.exe,36,SeDelegateSessionUserImpersonatePrivilege,Default,Obtain an impersonation token for another user in the same session.
0,1820,spoolsv.exe,2,SeCreateTokenPrivilege,,Create a token object
0,1820,spoolsv.exe,3,SeAssignPrimaryTokenPrivilege,Present,Replace a process-level token
0,1820,spoolsv.exe,4,SeLockMemoryPrivilege,Default,Lock pages in memory
0,1820,spoolsv.exe,5,SeIncreaseQuotaPrivilege,,Increase quotas
0,1820,spoolsv.exe,6,SeMachineAccountPrivilege,,Add workstations to the domain
0,1820,spoolsv.exe,7,SeTcbPrivilege,"Present,Enabled,Default",Act as part of the operating system
0,1820,spoolsv.exe,8,SeSecurityPrivilege,,Manage auditing and security log
0,1820,spoolsv.exe,9,SeTakeOwnershipPrivilege,,Take ownership of files/objects
0,1820,spoolsv.exe,10,SeLoadDriverPrivilege,,Load and unload device drivers
0,1820,spoolsv.exe,11,SeSystemProfilePrivilege,Default,Profile system performance
0,1820,spoolsv.exe,12,SeSystemtimePrivilege,,Change the system time
0,1820,spoolsv.exe,13,SeProfileSingleProcessPrivilege,Default,Profile a single process
0,1820,spoolsv.exe,14,SeIncreaseBasePriorityPrivilege,Default,Increase scheduling priority
0,1820,spoolsv.exe,15,SeCreatePagefilePrivilege,Default,Create a pagefile
0,1820,spoolsv.exe,16,SeCreatePermanentPrivilege,Default,Create permanent shared objects
0,1820,spoolsv.exe,17,SeBackupPrivilege,,Backup files and directories
0,1820,spoolsv.exe,18,SeRestorePrivilege,,Restore files and directories
0,1820,spoolsv.exe,19,SeShutdownPrivilege,,Shut down the system
0,1820,spoolsv.exe,20,SeDebugPrivilege,Default,Debug programs
0,1820,spoolsv.exe,21,SeAuditPrivilege,"Present,Enabled,Default",Generate security audits
0,1820,spoolsv.exe,22,SeSystemEnvironmentPrivilege,,Edit firmware environment values
0,1820,spoolsv.exe,23,SeChangeNotifyPrivilege,"Present,Enabled,Default",Receive notifications of changes to files or directories
0,1820,spoolsv.exe,24,SeRemoteShutdownPrivilege,,Force shutdown from a remote system
0,1820,spoolsv.exe,25,SeUndockPrivilege,,Remove computer from docking station
0,1820,spoolsv.exe,26,SeSyncAgentPrivilege,,Synch directory service data
0,1820,spoolsv.exe,27,SeEnableDelegationPrivilege,,Enable user accounts to be trusted for delegation
0,1820,spoolsv.exe,28,SeManageVolumePrivilege,,Manage the files on a volume
0,1820,spoolsv.exe,29,SeImpersonatePrivilege,"Present,Enabled,Default",Impersonate a client after authentication
0,1820,spoolsv.exe,30,SeCreateGlobalPrivilege,Default,Create global objects
0,1820,spoolsv.exe,31,SeTrustedCredManAccessPrivilege,,Access Credential Manager as a trusted caller
0,1820,spoolsv.exe,32,SeRelabelPrivilege,,Modify the mandatory integrity level of an object
0,1820,spoolsv.exe,33,SeIncreaseWorkingSetPrivilege,Default,Allocate more memory for user applications
0,1820,spoolsv.exe,34,SeTimeZonePrivilege,Default,Adjust the time zone of the computer's internal clock
0,1820,spoolsv.exe,35,SeCreateSymbolicLinkPrivilege,Default,Required to create a symbolic link
0,1820,spoolsv.exe,36,SeDelegateSessionUserImpersonatePrivilege,Default,Obtain an impersonation token for another user in the same session.
0,1880,svchost.exe,2,SeCreateTokenPrivilege,,Create a token object
0,1880,svchost.exe,3,SeAssignPrimaryTokenPrivilege,Present,Replace a process-level token
0,1880,svchost.exe,4,SeLockMemoryPrivilege,,Lock pages in memory
0,1880,svchost.exe,5,SeIncreaseQuotaPrivilege,Present,Increase quotas
0,1880,svchost.exe,6,SeMachineAccountPrivilege,,Add workstations to the domain
0,1880,svchost.exe,7,SeTcbPrivilege,,Act as part of the operating system
0,1880,svchost.exe,8,SeSecurityPrivilege,,Manage auditing and security log
0,1880,svchost.exe,9,SeTakeOwnershipPrivilege,,Take ownership of files/objects
0,1880,svchost.exe,10,SeLoadDriverPrivilege,,Load and unload device drivers
0,1880,svchost.exe,11,SeSystemProfilePrivilege,,Profile system performance
0,1880,svchost.exe,12,SeSystemtimePrivilege,,Change the system time
0,1880,svchost.exe,13,SeProfileSingleProcessPrivilege,,Profile a single process
0,1880,svchost.exe,14,SeIncreaseBasePriorityPrivilege,,Increase scheduling priority
0,1880,svchost.exe,15,SeCreatePagefilePrivilege,,Create a pagefile
0,1880,svchost.exe,16,SeCreatePermanentPrivilege,,Create permanent shared objects
0,1880,svchost.exe,17,SeBackupPrivilege,,Backup files and directories
0,1880,svchost.exe,18,SeRestorePrivilege,,Restore files and directories
0,1880,svchost.exe,19,SeShutdownPrivilege,,Shut down the system
0,1880,svchost.exe,20,SeDebugPrivilege,,Debug programs
0,1880,svchost.exe,21,SeAuditPrivilege,"Present,Enabled",Generate security audits
0,1880,svchost.exe,22,SeSystemEnvironmentPrivilege,,Edit firmware environment values
0,1880,svchost.exe,23,SeChangeNotifyPrivilege,"Present,Enabled,Default",Receive notifications of changes to files or directories
0,1880,svchost.exe,24,SeRemoteShutdownPrivilege,,Force shutdown from a remote system
0,1880,svchost.exe,25,SeUndockPrivilege,,Remove computer from docking station
0,1880,svchost.exe,26,SeSyncAgentPrivilege,,Synch directory service data
0,1880,svchost.exe,27,SeEnableDelegationPrivilege,,Enable user accounts to be trusted for delegation
0,1880,svchost.exe,28,SeManageVolumePrivilege,,Manage the files on a volume
0,1880,svchost.exe,29,SeImpersonatePrivilege,"Present,Enabled,Default",Impersonate a client after authentication
0,1880,svchost.exe,30,SeCreateGlobalPrivilege,"Present,Enabled,Default",Create global objects
0,1880,svchost.exe,31,SeTrustedCredManAccessPrivilege,,Access Credential Manager as a trusted caller
0,1880,svchost.exe,32,SeRelabelPrivilege,,Modify the mandatory integrity level of an object
0,1880,svchost.exe,33,SeIncreaseWorkingSetPrivilege,,Allocate more memory for user applications
0,1880,svchost.exe,34,SeTimeZonePrivilege,,Adjust the time zone of the computer's internal clock
0,1880,svchost.exe,35,SeCreateSymbolicLinkPrivilege,,Required to create a symbolic link
0,1880,svchost.exe,36,SeDelegateSessionUserImpersonatePrivilege,,Obtain an impersonation token for another user in the same session.
0,1992,svchost.exe,2,SeCreateTokenPrivilege,,Create a token object
0,1992,svchost.exe,3,SeAssignPrimaryTokenPrivilege,,Replace a process-level token
0,1992,svchost.exe,4,SeLockMemoryPrivilege,,Lock pages in memory
0,1992,svchost.exe,5,SeIncreaseQuotaPrivilege,,Increase quotas
0,1992,svchost.exe,6,SeMachineAccountPrivilege,,Add workstations to the domain
0,1992,svchost.exe,7,SeTcbPrivilege,,Act as part of the operating system
0,1992,svchost.exe,8,SeSecurityPrivilege,,Manage auditing and security log
0,1992,svchost.exe,9,SeTakeOwnershipPrivilege,,Take ownership of files/objects
0,1992,svchost.exe,10,SeLoadDriverPrivilege,,Load and unload device drivers
0,1992,svchost.exe,11,SeSystemProfilePrivilege,,Profile system performance
0,1992,svchost.exe,12,SeSystemtimePrivilege,,Change the system time
0,1992,svchost.exe,13,SeProfileSingleProcessPrivilege,,Profile a single process
0,1992,svchost.exe,14,SeIncreaseBasePriorityPrivilege,,Increase scheduling priority
0,1992,svchost.exe,15,SeCreatePagefilePrivilege,,Create a pagefile
0,1992,svchost.exe,16,SeCreatePermanentPrivilege,,Create permanent shared objects
0,1992,svchost.exe,17,SeBackupPrivilege,,Backup files and directories
0,1992,svchost.exe,18,SeRestorePrivilege,,Restore files and directories
0,1992,svchost.exe,19,SeShutdownPrivilege,,Shut down the system
0,1992,svchost.exe,20,SeDebugPrivilege,,Debug programs
0,1992,svchost.exe,21,SeAuditPrivilege,,Generate security audits
0,1992,svchost.exe,22,SeSystemEnvironmentPrivilege,,Edit firmware environment values
0,1992,svchost.exe,23,SeChangeNotifyPrivilege,"Present,Enabled,Default",Receive notifications of changes to files or directories
0,1992,svchost.exe,24,SeRemoteShutdownPrivilege,,Force shutdown from a remote system
0,1992,svchost.exe,25,SeUndockPrivilege,,Remove computer from docking station
0,1992,svchost.exe,26,SeSyncAgentPrivilege,,Synch directory service data
0,1992,svchost.exe,27,SeEnableDelegationPrivilege,,Enable user accounts to be trusted for delegation
0,1992,svchost.exe,28,SeManageVolumePrivilege,,Manage the files on a volume
0,1992,svchost.exe,29,SeImpersonatePrivilege,"Present,Enabled,Default",Impersonate a client after authentication
0,1992,svchost.exe,30,SeCreateGlobalPrivilege,"Present,Enabled,Default",Create global objects
0,1992,svchost.exe,31,SeTrustedCredManAccessPrivilege,,Access Credential Manager as a trusted caller
0,1992,svchost.exe,32,SeRelabelPrivilege,,Modify the mandatory integrity level of an object
0,1992,svchost.exe,33,SeIncreaseWorkingSetPrivilege,,Allocate more memory for user applications
0,1992,svchost.exe,34,SeTimeZonePrivilege,,Adjust the time zone of the computer's internal clock
0,1992,svchost.exe,35,SeCreateSymbolicLinkPrivilege,,Required to create a symbolic link
0,1992,svchost.exe,36,SeDelegateSessionUserImpersonatePrivilege,,Obtain an impersonation token for another user in the same session.
0,2012,svchost.exe,2,SeCreateTokenPrivilege,,Create a token object
0,2012,svchost.exe,3,SeAssignPrimaryTokenPrivilege,Present,Replace a process-level token
0,2012,svchost.exe,4,SeLockMemoryPrivilege,,Lock pages in memory
0,2012,svchost.exe,5,SeIncreaseQuotaPrivilege,Present,Increase quotas
0,2012,svchost.exe,6,SeMachineAccountPrivilege,,Add workstations to the domain
0,2012,svchost.exe,7,SeTcbPrivilege,,Act as part of the operating system
0,2012,svchost.exe,8,SeSecurityPrivilege,,Manage auditing and security log
0,2012,svchost.exe,9,SeTakeOwnershipPrivilege,,Take ownership of files/objects
0,2012,svchost.exe,10,SeLoadDriverPrivilege,,Load and unload device drivers
0,2012,svchost.exe,11,SeSystemProfilePrivilege,,Profile system performance
0,2012,svchost.exe,12,SeSystemtimePrivilege,Present,Change the system time
0,2012,svchost.exe,13,SeProfileSingleProcessPrivilege,,Profile a single process
0,2012,svchost.exe,14,SeIncreaseBasePriorityPrivilege,,Increase scheduling priority
0,2012,svchost.exe,15,SeCreatePagefilePrivilege,,Create a pagefile
0,2012,svchost.exe,16,SeCreatePermanentPrivilege,,Create permanent shared objects
0,2012,svchost.exe,17,SeBackupPrivilege,,Backup files and directories
0,2012,svchost.exe,18,SeRestorePrivilege,,Restore files and directories
0,2012,svchost.exe,19,SeShutdownPrivilege,Present,Shut down the system
0,2012,svchost.exe,20,SeDebugPrivilege,,Debug programs
0,2012,svchost.exe,21,SeAuditPrivilege,Present,Generate security audits
0,2012,svchost.exe,22,SeSystemEnvironmentPrivilege,,Edit firmware environment values
0,2012,svchost.exe,23,SeChangeNotifyPrivilege,"Present,Enabled,Default",Receive notifications of changes to files or directories
0,2012,svchost.exe,24,SeRemoteShutdownPrivilege,,Force shutdown from a remote system
0,2012,svchost.exe,25,SeUndockPrivilege,Present,Remove computer from docking station
0,2012,svchost.exe,26,SeSyncAgentPrivilege,,Synch directory service data
0,2012,svchost.exe,27,SeEnableDelegationPrivilege,,Enable user accounts to be trusted for delegation
0,2012,svchost.exe,28,SeManageVolumePrivilege,,Manage the files on a volume
0,2012,svchost.exe,29,SeImpersonatePrivilege,"Present,Enabled,Default",Impersonate a client after authentication
0,2012,svchost.exe,30,SeCreateGlobalPrivilege,"Present,Enabled,Default",Create global objects
0,2012,svchost.exe,31,SeTrustedCredManAccessPrivilege,,Access Credential Manager as a trusted caller
0,2012,svchost.exe,32,SeRelabelPrivilege,,Modify the mandatory integrity level of an object
0,2012,svchost.exe,33,SeIncreaseWorkingSetPrivilege,Present,Allocate more memory for user applications
0,2012,svchost.exe,34,SeTimeZonePrivilege,Present,Adjust the time zone of the computer's internal clock
0,2012,svchost.exe,35,SeCreateSymbolicLinkPrivilege,,Required to create a symbolic link
0,2012,svchost.exe,36,SeDelegateSessionUserImpersonatePrivilege,,Obtain an impersonation token for another user in the same session.
0,2080,svchost.exe,2,SeCreateTokenPrivilege,,Create a token object
0,2080,svchost.exe,3,SeAssignPrimaryTokenPrivilege,,Replace a process-level token
0,2080,svchost.exe,4,SeLockMemoryPrivilege,,Lock pages in memory
0,2080,svchost.exe,5,SeIncreaseQuotaPrivilege,,Increase quotas
0,2080,svchost.exe,6,SeMachineAccountPrivilege,,Add workstations to the domain
0,2080,svchost.exe,7,SeTcbPrivilege,,Act as part of the operating system
0,2080,svchost.exe,8,SeSecurityPrivilege,,Manage auditing and security log
0,2080,svchost.exe,9,SeTakeOwnershipPrivilege,,Take ownership of files/objects
0,2080,svchost.exe,10,SeLoadDriverPrivilege,,Load and unload device drivers
0,2080,svchost.exe,11,SeSystemProfilePrivilege,,Profile system performance
0,2080,svchost.exe,12,SeSystemtimePrivilege,,Change the system time
0,2080,svchost.exe,13,SeProfileSingleProcessPrivilege,,Profile a single process
0,2080,svchost.exe,14,SeIncreaseBasePriorityPrivilege,,Increase scheduling priority
0,2080,svchost.exe,15,SeCreatePagefilePrivilege,,Create a pagefile
0,2080,svchost.exe,16,SeCreatePermanentPrivilege,,Create permanent shared objects
0,2080,svchost.exe,17,SeBackupPrivilege,,Backup files and directories
0,2080,svchost.exe,18,SeRestorePrivilege,,Restore files and directories
0,2080,svchost.exe,19,SeShutdownPrivilege,,Shut down the system
0,2080,svchost.exe,20,SeDebugPrivilege,,Debug programs
0,2080,svchost.exe,21,SeAuditPrivilege,"Present,Enabled",Generate security audits
0,2080,svchost.exe,22,SeSystemEnvironmentPrivilege,,Edit firmware environment values
0,2080,svchost.exe,23,SeChangeNotifyPrivilege,"Present,Enabled,Default",Receive notifications of changes to files or directories
0,2080,svchost.exe,24,SeRemoteShutdownPrivilege,,Force shutdown from a remote system
0,2080,svchost.exe,25,SeUndockPrivilege,,Remove computer from docking station
0,2080,svchost.exe,26,SeSyncAgentPrivilege,,Synch directory service data
0,2080,svchost.exe,27,SeEnableDelegationPrivilege,,Enable user accounts to be trusted for delegation
0,2080,svchost.exe,28,SeManageVolumePrivilege,,Manage the files on a volume
0,2080,svchost.exe,29,SeImpersonatePrivilege,"Present,Enabled,Default",Impersonate a client after authentication
0,2080,svchost.exe,30,SeCreateGlobalPrivilege,"Present,Enabled,Default",Create global objects
0,2080,svchost.exe,31,SeTrustedCredManAccessPrivilege,,Access Credential Manager as a trusted caller
0,2080,svchost.exe,32,SeRelabelPrivilege,,Modify the mandatory integrity level of an object
0,2080,svchost.exe,33,SeIncreaseWorkingSetPrivilege,,Allocate more memory for user applications
0,2080,svchost.exe,34,SeTimeZonePrivilege,,Adjust the time zone of the computer's internal clock
0,2080,svchost.exe,35,SeCreateSymbolicLinkPrivilege,,Required to create a symbolic link
0,2080,svchost.exe,36,SeDelegateSessionUserImpersonatePrivilege,,Obtain an impersonation token for another user in the same session.
0,2192,svchost.exe,2,SeCreateTokenPrivilege,,Create a token object
0,2192,svchost.exe,3,SeAssignPrimaryTokenPrivilege,Present,Replace a process-level token
0,2192,svchost.exe,4,SeLockMemoryPrivilege,Default,Lock pages in memory
0,2192,svchost.exe,5,SeIncreaseQuotaPrivilege,,Increase quotas
0,2192,svchost.exe,6,SeMachineAccountPrivilege,,Add workstations to the domain
0,2192,svchost.exe,7,SeTcbPrivilege,"Present,Enabled,Default",Act as part of the operating system
0,2192,svchost.exe,8,SeSecurityPrivilege,Present,Manage auditing and security log
0,2192,svchost.exe,9,SeTakeOwnershipPrivilege,,Take ownership of files/objects
0,2192,svchost.exe,10,SeLoadDriverPrivilege,,Load and unload device drivers
0,2192,svchost.exe,11,SeSystemProfilePrivilege,"Present,Enabled,Default",Profile system performance
0,2192,svchost.exe,12,SeSystemtimePrivilege,,Change the system time
0,2192,svchost.exe,13,SeProfileSingleProcessPrivilege,Default,Profile a single process
0,2192,svchost.exe,14,SeIncreaseBasePriorityPrivilege,Default,Increase scheduling priority
0,2192,svchost.exe,15,SeCreatePagefilePrivilege,Default,Create a pagefile
0,2192,svchost.exe,16,SeCreatePermanentPrivilege,Default,Create permanent shared objects
0,2192,svchost.exe,17,SeBackupPrivilege,,Backup files and directories
0,2192,svchost.exe,18,SeRestorePrivilege,,Restore files and directories
0,2192,svchost.exe,19,SeShutdownPrivilege,,Shut down the system
0,2192,svchost.exe,20,SeDebugPrivilege,"Present,Enabled,Default",Debug programs
0,2192,svchost.exe,21,SeAuditPrivilege,Default,Generate security audits
0,2192,svchost.exe,22,SeSystemEnvironmentPrivilege,,Edit firmware environment values
0,2192,svchost.exe,23,SeChangeNotifyPrivilege,"Present,Enabled,Default",Receive notifications of changes to files or directories
0,2192,svchost.exe,24,SeRemoteShutdownPrivilege,,Force shutdown from a remote system
0,2192,svchost.exe,25,SeUndockPrivilege,,Remove computer from docking station
0,2192,svchost.exe,26,SeSyncAgentPrivilege,,Synch directory service data
0,2192,svchost.exe,27,SeEnableDelegationPrivilege,,Enable user accounts to be trusted for delegation
0,2192,svchost.exe,28,SeManageVolumePrivilege,,Manage the files on a volume
0,2192,svchost.exe,29,SeImpersonatePrivilege,"Present,Enabled,Default",Impersonate a client after authentication
0,2192,svchost.exe,30,SeCreateGlobalPrivilege,"Present,Enabled,Default",Create global objects
0,2192,svchost.exe,31,SeTrustedCredManAccessPrivilege,,Access Credential Manager as a trusted caller
0,2192,svchost.exe,32,SeRelabelPrivilege,,Modify the mandatory integrity level of an object
0,2192,svchost.exe,33,SeIncreaseWorkingSetPrivilege,Default,Allocate more memory for user applications
0,2192,svchost.exe,34,SeTimeZonePrivilege,Default,Adjust the time zone of the computer's internal clock
0,2192,svchost.exe,35,SeCreateSymbolicLinkPrivilege,Default,Required to create a symbolic link
0,2192,svchost.exe,36,SeDelegateSessionUserImpersonatePrivilege,Default,Obtain an impersonation token for another user in the same session.
0,2264,vmtoolsd.exe,2,SeCreateTokenPrivilege,,Create a token object
0,2264,vmtoolsd.exe,3,SeAssignPrimaryTokenPrivilege,Present,Replace a process-level token
0,2264,vmtoolsd.exe,4,SeLockMemoryPrivilege,"Present,Enabled,Default",Lock pages in memory
0,2264,vmtoolsd.exe,5,SeIncreaseQuotaPrivilege,Present,Increase quotas
0,2264,vmtoolsd.exe,6,SeMachineAccountPrivilege,,Add workstations to the domain
0,2264,vmtoolsd.exe,7,SeTcbPrivilege,"Present,Enabled,Default",Act as part of the operating system
0,2264,vmtoolsd.exe,8,SeSecurityPrivilege,Present,Manage auditing and security log
0,2264,vmtoolsd.exe,9,SeTakeOwnershipPrivilege,Present,Take ownership of files/objects
0,2264,vmtoolsd.exe,10,SeLoadDriverPrivilege,Present,Load and unload device drivers
0,2264,vmtoolsd.exe,11,SeSystemProfilePrivilege,"Present,Enabled,Default",Profile system performance
0,2264,vmtoolsd.exe,12,SeSystemtimePrivilege,Present,Change the system time
0,2264,vmtoolsd.exe,13,SeProfileSingleProcessPrivilege,"Present,Enabled,Default",Profile a single process
0,2264,vmtoolsd.exe,14,SeIncreaseBasePriorityPrivilege,"Present,Enabled,Default",Increase scheduling priority
0,2264,vmtoolsd.exe,15,SeCreatePagefilePrivilege,"Present,Enabled,Default",Create a pagefile
0,2264,vmtoolsd.exe,16,SeCreatePermanentPrivilege,"Present,Enabled,Default",Create permanent shared objects
0,2264,vmtoolsd.exe,17,SeBackupPrivilege,Present,Backup files and directories
0,2264,vmtoolsd.exe,18,SeRestorePrivilege,Present,Restore files and directories
0,2264,vmtoolsd.exe,19,SeShutdownPrivilege,Present,Shut down the system
0,2264,vmtoolsd.exe,20,SeDebugPrivilege,"Present,Enabled,Default",Debug programs
0,2264,vmtoolsd.exe,21,SeAuditPrivilege,"Present,Enabled,Default",Generate security audits
0,2264,vmtoolsd.exe,22,SeSystemEnvironmentPrivilege,Present,Edit firmware environment values
0,2264,vmtoolsd.exe,23,SeChangeNotifyPrivilege,"Present,Enabled,Default",Receive notifications of changes to files or directories
0,2264,vmtoolsd.exe,24,SeRemoteShutdownPrivilege,,Force shutdown from a remote system
0,2264,vmtoolsd.exe,25,SeUndockPrivilege,Present,Remove computer from docking station
0,2264,vmtoolsd.exe,26,SeSyncAgentPrivilege,,Synch directory service data
0,2264,vmtoolsd.exe,27,SeEnableDelegationPrivilege,,Enable user accounts to be trusted for delegation
0,2264,vmtoolsd.exe,28,SeManageVolumePrivilege,Present,Manage the files on a volume
0,2264,vmtoolsd.exe,29,SeImpersonatePrivilege,"Present,Enabled,Default",Impersonate a client after authentication
0,2264,vmtoolsd.exe,30,SeCreateGlobalPrivilege,"Present,Enabled,Default",Create global objects
0,2264,vmtoolsd.exe,31,SeTrustedCredManAccessPrivilege,,Access Credential Manager as a trusted caller
0,2264,vmtoolsd.exe,32,SeRelabelPrivilege,,Modify the mandatory integrity level of an object
0,2264,vmtoolsd.exe,33,SeIncreaseWorkingSetPrivilege,"Present,Enabled,Default",Allocate more memory for user applications
0,2264,vmtoolsd.exe,34,SeTimeZonePrivilege,"Present,Enabled,Default",Adjust the time zone of the computer's internal clock
0,2264,vmtoolsd.exe,35,SeCreateSymbolicLinkPrivilege,"Present,Enabled,Default",Required to create a symbolic link
0,2264,vmtoolsd.exe,36,SeDelegateSessionUserImpersonatePrivilege,"Present,Enabled,Default",Obtain an impersonation token for another user in the same session.
0,2272,VGAuthService.,2,SeCreateTokenPrivilege,,Create a token object
0,2272,VGAuthService.,3,SeAssignPrimaryTokenPrivilege,Present,Replace a process-level token
0,2272,VGAuthService.,4,SeLockMemoryPrivilege,"Present,Enabled,Default",Lock pages in memory
0,2272,VGAuthService.,5,SeIncreaseQuotaPrivilege,Present,Increase quotas
0,2272,VGAuthService.,6,SeMachineAccountPrivilege,,Add workstations to the domain
0,2272,VGAuthService.,7,SeTcbPrivilege,"Present,Enabled,Default",Act as part of the operating system
0,2272,VGAuthService.,8,SeSecurityPrivilege,Present,Manage auditing and security log
0,2272,VGAuthService.,9,SeTakeOwnershipPrivilege,Present,Take ownership of files/objects
0,2272,VGAuthService.,10,SeLoadDriverPrivilege,Present,Load and unload device drivers
0,2272,VGAuthService.,11,SeSystemProfilePrivilege,"Present,Enabled,Default",Profile system performance
0,2272,VGAuthService.,12,SeSystemtimePrivilege,Present,Change the system time
0,2272,VGAuthService.,13,SeProfileSingleProcessPrivilege,"Present,Enabled,Default",Profile a single process
0,2272,VGAuthService.,14,SeIncreaseBasePriorityPrivilege,"Present,Enabled,Default",Increase scheduling priority
0,2272,VGAuthService.,15,SeCreatePagefilePrivilege,"Present,Enabled,Default",Create a pagefile
0,2272,VGAuthService.,16,SeCreatePermanentPrivilege,"Present,Enabled,Default",Create permanent shared objects
0,2272,VGAuthService.,17,SeBackupPrivilege,Present,Backup files and directories
0,2272,VGAuthService.,18,SeRestorePrivilege,Present,Restore files and directories
0,2272,VGAuthService.,19,SeShutdownPrivilege,Present,Shut down the system
0,2272,VGAuthService.,20,SeDebugPrivilege,"Present,Enabled,Default",Debug programs
0,2272,VGAuthService.,21,SeAuditPrivilege,"Present,Enabled,Default",Generate security audits
0,2272,VGAuthService.,22,SeSystemEnvironmentPrivilege,Present,Edit firmware environment values
0,2272,VGAuthService.,23,SeChangeNotifyPrivilege,"Present,Enabled,Default",Receive notifications of changes to files or directories
0,2272,VGAuthService.,24,SeRemoteShutdownPrivilege,,Force shutdown from a remote system
0,2272,VGAuthService.,25,SeUndockPrivilege,Present,Remove computer from docking station
0,2272,VGAuthService.,26,SeSyncAgentPrivilege,,Synch directory service data
0,2272,VGAuthService.,27,SeEnableDelegationPrivilege,,Enable user accounts to be trusted for delegation
0,2272,VGAuthService.,28,SeManageVolumePrivilege,Present,Manage the files on a volume
0,2272,VGAuthService.,29,SeImpersonatePrivilege,"Present,Enabled,Default",Impersonate a client after authentication
0,2272,VGAuthService.,30,SeCreateGlobalPrivilege,"Present,Enabled,Default",Create global objects
0,2272,VGAuthService.,31,SeTrustedCredManAccessPrivilege,,Access Credential Manager as a trusted caller
0,2272,VGAuthService.,32,SeRelabelPrivilege,,Modify the mandatory integrity level of an object
0,2272,VGAuthService.,33,SeIncreaseWorkingSetPrivilege,"Present,Enabled,Default",Allocate more memory for user applications
0,2272,VGAuthService.,34,SeTimeZonePrivilege,"Present,Enabled,Default",Adjust the time zone of the computer's internal clock
0,2272,VGAuthService.,35,SeCreateSymbolicLinkPrivilege,"Present,Enabled,Default",Required to create a symbolic link
0,2272,VGAuthService.,36,SeDelegateSessionUserImpersonatePrivilege,"Present,Enabled,Default",Obtain an impersonation token for another user in the same session.
0,2280,vm3dservice.ex,2,SeCreateTokenPrivilege,,Create a token object
0,2280,vm3dservice.ex,3,SeAssignPrimaryTokenPrivilege,Present,Replace a process-level token
0,2280,vm3dservice.ex,4,SeLockMemoryPrivilege,"Present,Enabled,Default",Lock pages in memory
0,2280,vm3dservice.ex,5,SeIncreaseQuotaPrivilege,Present,Increase quotas
0,2280,vm3dservice.ex,6,SeMachineAccountPrivilege,,Add workstations to the domain
0,2280,vm3dservice.ex,7,SeTcbPrivilege,"Present,Enabled,Default",Act as part of the operating system
0,2280,vm3dservice.ex,8,SeSecurityPrivilege,Present,Manage auditing and security log
0,2280,vm3dservice.ex,9,SeTakeOwnershipPrivilege,Present,Take ownership of files/objects
0,2280,vm3dservice.ex,10,SeLoadDriverPrivilege,Present,Load and unload device drivers
0,2280,vm3dservice.ex,11,SeSystemProfilePrivilege,"Present,Enabled,Default",Profile system performance
0,2280,vm3dservice.ex,12,SeSystemtimePrivilege,Present,Change the system time
0,2280,vm3dservice.ex,13,SeProfileSingleProcessPrivilege,"Present,Enabled,Default",Profile a single process
0,2280,vm3dservice.ex,14,SeIncreaseBasePriorityPrivilege,"Present,Enabled,Default",Increase scheduling priority
0,2280,vm3dservice.ex,15,SeCreatePagefilePrivilege,"Present,Enabled,Default",Create a pagefile
0,2280,vm3dservice.ex,16,SeCreatePermanentPrivilege,"Present,Enabled,Default",Create permanent shared objects
0,2280,vm3dservice.ex,17,SeBackupPrivilege,Present,Backup files and directories
0,2280,vm3dservice.ex,18,SeRestorePrivilege,Present,Restore files and directories
0,2280,vm3dservice.ex,19,SeShutdownPrivilege,Present,Shut down the system
0,2280,vm3dservice.ex,20,SeDebugPrivilege,"Present,Enabled,Default",Debug programs
0,2280,vm3dservice.ex,21,SeAuditPrivilege,"Present,Enabled,Default",Generate security audits
0,2280,vm3dservice.ex,22,SeSystemEnvironmentPrivilege,Present,Edit firmware environment values
0,2280,vm3dservice.ex,23,SeChangeNotifyPrivilege,"Present,Enabled,Default",Receive notifications of changes to files or directories
0,2280,vm3dservice.ex,24,SeRemoteShutdownPrivilege,,Force shutdown from a remote system
0,2280,vm3dservice.ex,25,SeUndockPrivilege,Present,Remove computer from docking station
0,2280,vm3dservice.ex,26,SeSyncAgentPrivilege,,Synch directory service data
0,2280,vm3dservice.ex,27,SeEnableDelegationPrivilege,,Enable user accounts to be trusted for delegation
0,2280,vm3dservice.ex,28,SeManageVolumePrivilege,Present,Manage the files on a volume
0,2280,vm3dservice.ex,29,SeImpersonatePrivilege,"Present,Enabled,Default",Impersonate a client after authentication
0,2280,vm3dservice.ex,30,SeCreateGlobalPrivilege,"Present,Enabled,Default",Create global objects
0,2280,vm3dservice.ex,31,SeTrustedCredManAccessPrivilege,,Access Credential Manager as a trusted caller
0,2280,vm3dservice.ex,32,SeRelabelPrivilege,,Modify the mandatory integrity level of an object
0,2280,vm3dservice.ex,33,SeIncreaseWorkingSetPrivilege,"Present,Enabled,Default",Allocate more memory for user applications
0,2280,vm3dservice.ex,34,SeTimeZonePrivilege,"Present,Enabled,Default",Adjust the time zone of the computer's internal clock
0,2280,vm3dservice.ex,35,SeCreateSymbolicLinkPrivilege,"Present,Enabled,Default",Required to create a symbolic link
0,2280,vm3dservice.ex,36,SeDelegateSessionUserImpersonatePrivilege,"Present,Enabled,Default",Obtain an impersonation token for another user in the same session.
0,2320,MsMpEng.exe,2,SeCreateTokenPrivilege,,Create a token object
0,2320,MsMpEng.exe,3,SeAssignPrimaryTokenPrivilege,"Present,Enabled",Replace a process-level token
0,2320,MsMpEng.exe,4,SeLockMemoryPrivilege,Default,Lock pages in memory
0,2320,MsMpEng.exe,5,SeIncreaseQuotaPrivilege,"Present,Enabled",Increase quotas
0,2320,MsMpEng.exe,6,SeMachineAccountPrivilege,,Add workstations to the domain
0,2320,MsMpEng.exe,7,SeTcbPrivilege,"Present,Enabled,Default",Act as part of the operating system
0,2320,MsMpEng.exe,8,SeSecurityPrivilege,"Present,Enabled",Manage auditing and security log
0,2320,MsMpEng.exe,9,SeTakeOwnershipPrivilege,"Present,Enabled",Take ownership of files/objects
0,2320,MsMpEng.exe,10,SeLoadDriverPrivilege,"Present,Enabled",Load and unload device drivers
0,2320,MsMpEng.exe,11,SeSystemProfilePrivilege,Default,Profile system performance
0,2320,MsMpEng.exe,12,SeSystemtimePrivilege,,Change the system time
0,2320,MsMpEng.exe,13,SeProfileSingleProcessPrivilege,Default,Profile a single process
0,2320,MsMpEng.exe,14,SeIncreaseBasePriorityPrivilege,"Present,Enabled,Default",Increase scheduling priority
0,2320,MsMpEng.exe,15,SeCreatePagefilePrivilege,Default,Create a pagefile
0,2320,MsMpEng.exe,16,SeCreatePermanentPrivilege,Default,Create permanent shared objects
0,2320,MsMpEng.exe,17,SeBackupPrivilege,"Present,Enabled",Backup files and directories
0,2320,MsMpEng.exe,18,SeRestorePrivilege,"Present,Enabled",Restore files and directories
0,2320,MsMpEng.exe,19,SeShutdownPrivilege,"Present,Enabled",Shut down the system
0,2320,MsMpEng.exe,20,SeDebugPrivilege,"Present,Enabled,Default",Debug programs
0,2320,MsMpEng.exe,21,SeAuditPrivilege,Default,Generate security audits
0,2320,MsMpEng.exe,22,SeSystemEnvironmentPrivilege,"Present,Enabled",Edit firmware environment values
0,2320,MsMpEng.exe,23,SeChangeNotifyPrivilege,"Present,Enabled,Default",Receive notifications of changes to files or directories
0,2320,MsMpEng.exe,24,SeRemoteShutdownPrivilege,,Force shutdown from a remote system
0,2320,MsMpEng.exe,25,SeUndockPrivilege,,Remove computer from docking station
0,2320,MsMpEng.exe,26,SeSyncAgentPrivilege,,Synch directory service data
0,2320,MsMpEng.exe,27,SeEnableDelegationPrivilege,,Enable user accounts to be trusted for delegation
0,2320,MsMpEng.exe,28,SeManageVolumePrivilege,,Manage the files on a volume
0,2320,MsMpEng.exe,29,SeImpersonatePrivilege,"Present,Enabled,Default",Impersonate a client after authentication
0,2320,MsMpEng.exe,30,SeCreateGlobalPrivilege,Default,Create global objects
0,2320,MsMpEng.exe,31,SeTrustedCredManAccessPrivilege,,Access Credential Manager as a trusted caller
0,2320,MsMpEng.exe,32,SeRelabelPrivilege,,Modify the mandatory integrity level of an object
0,2320,MsMpEng.exe,33,SeIncreaseWorkingSetPrivilege,Default,Allocate more memory for user applications
0,2320,MsMpEng.exe,34,SeTimeZonePrivilege,Default,Adjust the time zone of the computer's internal clock
0,2320,MsMpEng.exe,35,SeCreateSymbolicLinkPrivilege,Default,Required to create a symbolic link
0,2320,MsMpEng.exe,36,SeDelegateSessionUserImpersonatePrivilege,Default,Obtain an impersonation token for another user in the same session.
0,2364,Sysmon64.exe,2,SeCreateTokenPrivilege,,Create a token object
0,2364,Sysmon64.exe,3,SeAssignPrimaryTokenPrivilege,Present,Replace a process-level token
0,2364,Sysmon64.exe,4,SeLockMemoryPrivilege,"Present,Enabled,Default",Lock pages in memory
0,2364,Sysmon64.exe,5,SeIncreaseQuotaPrivilege,Present,Increase quotas
0,2364,Sysmon64.exe,6,SeMachineAccountPrivilege,,Add workstations to the domain
0,2364,Sysmon64.exe,7,SeTcbPrivilege,"Present,Enabled,Default",Act as part of the operating system
0,2364,Sysmon64.exe,8,SeSecurityPrivilege,"Present,Enabled",Manage auditing and security log
0,2364,Sysmon64.exe,9,SeTakeOwnershipPrivilege,Present,Take ownership of files/objects
0,2364,Sysmon64.exe,10,SeLoadDriverPrivilege,Present,Load and unload device drivers
0,2364,Sysmon64.exe,11,SeSystemProfilePrivilege,"Present,Enabled,Default",Profile system performance
0,2364,Sysmon64.exe,12,SeSystemtimePrivilege,Present,Change the system time
0,2364,Sysmon64.exe,13,SeProfileSingleProcessPrivilege,"Present,Enabled,Default",Profile a single process
0,2364,Sysmon64.exe,14,SeIncreaseBasePriorityPrivilege,"Present,Enabled,Default",Increase scheduling priority
0,2364,Sysmon64.exe,15,SeCreatePagefilePrivilege,"Present,Enabled,Default",Create a pagefile
0,2364,Sysmon64.exe,16,SeCreatePermanentPrivilege,"Present,Enabled,Default",Create permanent shared objects
0,2364,Sysmon64.exe,17,SeBackupPrivilege,Present,Backup files and directories
0,2364,Sysmon64.exe,18,SeRestorePrivilege,Present,Restore files and directories
0,2364,Sysmon64.exe,19,SeShutdownPrivilege,Present,Shut down the system
0,2364,Sysmon64.exe,20,SeDebugPrivilege,"Present,Enabled,Default",Debug programs
0,2364,Sysmon64.exe,21,SeAuditPrivilege,"Present,Enabled,Default",Generate security audits
0,2364,Sysmon64.exe,22,SeSystemEnvironmentPrivilege,Present,Edit firmware environment values
0,2364,Sysmon64.exe,23,SeChangeNotifyPrivilege,"Present,Enabled,Default",Receive notifications of changes to files or directories
0,2364,Sysmon64.exe,24,SeRemoteShutdownPrivilege,,Force shutdown from a remote system
0,2364,Sysmon64.exe,25,SeUndockPrivilege,Present,Remove computer from docking station
0,2364,Sysmon64.exe,26,SeSyncAgentPrivilege,,Synch directory service data
0,2364,Sysmon64.exe,27,SeEnableDelegationPrivilege,,Enable user accounts to be trusted for delegation
0,2364,Sysmon64.exe,28,SeManageVolumePrivilege,Present,Manage the files on a volume
0,2364,Sysmon64.exe,29,SeImpersonatePrivilege,"Present,Enabled,Default",Impersonate a client after authentication
0,2364,Sysmon64.exe,30,SeCreateGlobalPrivilege,"Present,Enabled,Default",Create global objects
0,2364,Sysmon64.exe,31,SeTrustedCredManAccessPrivilege,,Access Credential Manager as a trusted caller
0,2364,Sysmon64.exe,32,SeRelabelPrivilege,,Modify the mandatory integrity level of an object
0,2364,Sysmon64.exe,33,SeIncreaseWorkingSetPrivilege,"Present,Enabled,Default",Allocate more memory for user applications
0,2364,Sysmon64.exe,34,SeTimeZonePrivilege,"Present,Enabled,Default",Adjust the time zone of the computer's internal clock
0,2364,Sysmon64.exe,35,SeCreateSymbolicLinkPrivilege,"Present,Enabled,Default",Required to create a symbolic link
0,2364,Sysmon64.exe,36,SeDelegateSessionUserImpersonatePrivilege,"Present,Enabled,Default",Obtain an impersonation token for another user in the same session.
0,2460,vm3dservice.ex,2,SeCreateTokenPrivilege,,Create a token object
0,2460,vm3dservice.ex,3,SeAssignPrimaryTokenPrivilege,Present,Replace a process-level token
0,2460,vm3dservice.ex,4,SeLockMemoryPrivilege,"Present,Enabled,Default",Lock pages in memory
0,2460,vm3dservice.ex,5,SeIncreaseQuotaPrivilege,Present,Increase quotas
0,2460,vm3dservice.ex,6,SeMachineAccountPrivilege,,Add workstations to the domain
0,2460,vm3dservice.ex,7,SeTcbPrivilege,"Present,Enabled,Default",Act as part of the operating system
0,2460,vm3dservice.ex,8,SeSecurityPrivilege,Present,Manage auditing and security log
0,2460,vm3dservice.ex,9,SeTakeOwnershipPrivilege,Present,Take ownership of files/objects
0,2460,vm3dservice.ex,10,SeLoadDriverPrivilege,Present,Load and unload device drivers
0,2460,vm3dservice.ex,11,SeSystemProfilePrivilege,"Present,Enabled,Default",Profile system performance
0,2460,vm3dservice.ex,12,SeSystemtimePrivilege,Present,Change the system time
0,2460,vm3dservice.ex,13,SeProfileSingleProcessPrivilege,"Present,Enabled,Default",Profile a single process
0,2460,vm3dservice.ex,14,SeIncreaseBasePriorityPrivilege,"Present,Enabled,Default",Increase scheduling priority
0,2460,vm3dservice.ex,15,SeCreatePagefilePrivilege,"Present,Enabled,Default",Create a pagefile
0,2460,vm3dservice.ex,16,SeCreatePermanentPrivilege,"Present,Enabled,Default",Create permanent shared objects
0,2460,vm3dservice.ex,17,SeBackupPrivilege,Present,Backup files and directories
0,2460,vm3dservice.ex,18,SeRestorePrivilege,Present,Restore files and directories
0,2460,vm3dservice.ex,19,SeShutdownPrivilege,Present,Shut down the system
0,2460,vm3dservice.ex,20,SeDebugPrivilege,"Present,Enabled,Default",Debug programs
0,2460,vm3dservice.ex,21,SeAuditPrivilege,"Present,Enabled,Default",Generate security audits
0,2460,vm3dservice.ex,22,SeSystemEnvironmentPrivilege,Present,Edit firmware environment values
0,2460,vm3dservice.ex,23,SeChangeNotifyPrivilege,"Present,Enabled,Default",Receive notifications of changes to files or directories
0,2460,vm3dservice.ex,24,SeRemoteShutdownPrivilege,,Force shutdown from a remote system
0,2460,vm3dservice.ex,25,SeUndockPrivilege,Present,Remove computer from docking station
0,2460,vm3dservice.ex,26,SeSyncAgentPrivilege,,Synch directory service data
0,2460,vm3dservice.ex,27,SeEnableDelegationPrivilege,,Enable user accounts to be trusted for delegation
0,2460,vm3dservice.ex,28,SeManageVolumePrivilege,Present,Manage the files on a volume
0,2460,vm3dservice.ex,29,SeImpersonatePrivilege,"Present,Enabled,Default",Impersonate a client after authentication
0,2460,vm3dservice.ex,30,SeCreateGlobalPrivilege,"Present,Enabled,Default",Create global objects
0,2460,vm3dservice.ex,31,SeTrustedCredManAccessPrivilege,,Access Credential Manager as a trusted caller
0,2460,vm3dservice.ex,32,SeRelabelPrivilege,,Modify the mandatory integrity level of an object
0,2460,vm3dservice.ex,33,SeIncreaseWorkingSetPrivilege,"Present,Enabled,Default",Allocate more memory for user applications
0,2460,vm3dservice.ex,34,SeTimeZonePrivilege,"Present,Enabled,Default",Adjust the time zone of the computer's internal clock
0,2460,vm3dservice.ex,35,SeCreateSymbolicLinkPrivilege,"Present,Enabled,Default",Required to create a symbolic link
0,2460,vm3dservice.ex,36,SeDelegateSessionUserImpersonatePrivilege,"Present,Enabled,Default",Obtain an impersonation token for another user in the same session.
0,2764,dllhost.exe,2,SeCreateTokenPrivilege,,Create a token object
0,2764,dllhost.exe,3,SeAssignPrimaryTokenPrivilege,Present,Replace a process-level token
0,2764,dllhost.exe,4,SeLockMemoryPrivilege,Default,Lock pages in memory
0,2764,dllhost.exe,5,SeIncreaseQuotaPrivilege,Present,Increase quotas
0,2764,dllhost.exe,6,SeMachineAccountPrivilege,,Add workstations to the domain
0,2764,dllhost.exe,7,SeTcbPrivilege,Default,Act as part of the operating system
0,2764,dllhost.exe,8,SeSecurityPrivilege,,Manage auditing and security log
0,2764,dllhost.exe,9,SeTakeOwnershipPrivilege,,Take ownership of files/objects
0,2764,dllhost.exe,10,SeLoadDriverPrivilege,,Load and unload device drivers
0,2764,dllhost.exe,11,SeSystemProfilePrivilege,Default,Profile system performance
0,2764,dllhost.exe,12,SeSystemtimePrivilege,,Change the system time
0,2764,dllhost.exe,13,SeProfileSingleProcessPrivilege,Default,Profile a single process
0,2764,dllhost.exe,14,SeIncreaseBasePriorityPrivilege,Default,Increase scheduling priority
0,2764,dllhost.exe,15,SeCreatePagefilePrivilege,Default,Create a pagefile
0,2764,dllhost.exe,16,SeCreatePermanentPrivilege,Default,Create permanent shared objects
0,2764,dllhost.exe,17,SeBackupPrivilege,,Backup files and directories
0,2764,dllhost.exe,18,SeRestorePrivilege,,Restore files and directories
0,2764,dllhost.exe,19,SeShutdownPrivilege,,Shut down the system
0,2764,dllhost.exe,20,SeDebugPrivilege,"Present,Enabled,Default",Debug programs
0,2764,dllhost.exe,21,SeAuditPrivilege,"Present,Enabled,Default",Generate security audits
0,2764,dllhost.exe,22,SeSystemEnvironmentPrivilege,,Edit firmware environment values
0,2764,dllhost.exe,23,SeChangeNotifyPrivilege,"Present,Enabled,Default",Receive notifications of changes to files or directories
0,2764,dllhost.exe,24,SeRemoteShutdownPrivilege,,Force shutdown from a remote system
0,2764,dllhost.exe,25,SeUndockPrivilege,,Remove computer from docking station
0,2764,dllhost.exe,26,SeSyncAgentPrivilege,,Synch directory service data
0,2764,dllhost.exe,27,SeEnableDelegationPrivilege,,Enable user accounts to be trusted for delegation
0,2764,dllhost.exe,28,SeManageVolumePrivilege,,Manage the files on a volume
0,2764,dllhost.exe,29,SeImpersonatePrivilege,"Present,Enabled,Default",Impersonate a client after authentication
0,2764,dllhost.exe,30,SeCreateGlobalPrivilege,"Present,Enabled,Default",Create global objects
0,2764,dllhost.exe,31,SeTrustedCredManAccessPrivilege,,Access Credential Manager as a trusted caller
0,2764,dllhost.exe,32,SeRelabelPrivilege,,Modify the mandatory integrity level of an object
0,2764,dllhost.exe,33,SeIncreaseWorkingSetPrivilege,Default,Allocate more memory for user applications
0,2764,dllhost.exe,34,SeTimeZonePrivilege,Default,Adjust the time zone of the computer's internal clock
0,2764,dllhost.exe,35,SeCreateSymbolicLinkPrivilege,Default,Required to create a symbolic link
0,2764,dllhost.exe,36,SeDelegateSessionUserImpersonatePrivilege,Default,Obtain an impersonation token for another user in the same session.
0,2968,msdtc.exe,2,SeCreateTokenPrivilege,,Create a token object
0,2968,msdtc.exe,3,SeAssignPrimaryTokenPrivilege,,Replace a process-level token
0,2968,msdtc.exe,4,SeLockMemoryPrivilege,,Lock pages in memory
0,2968,msdtc.exe,5,SeIncreaseQuotaPrivilege,,Increase quotas
0,2968,msdtc.exe,6,SeMachineAccountPrivilege,,Add workstations to the domain
0,2968,msdtc.exe,7,SeTcbPrivilege,,Act as part of the operating system
0,2968,msdtc.exe,8,SeSecurityPrivilege,,Manage auditing and security log
0,2968,msdtc.exe,9,SeTakeOwnershipPrivilege,,Take ownership of files/objects
0,2968,msdtc.exe,10,SeLoadDriverPrivilege,,Load and unload device drivers
0,2968,msdtc.exe,11,SeSystemProfilePrivilege,,Profile system performance
0,2968,msdtc.exe,12,SeSystemtimePrivilege,,Change the system time
0,2968,msdtc.exe,13,SeProfileSingleProcessPrivilege,,Profile a single process
0,2968,msdtc.exe,14,SeIncreaseBasePriorityPrivilege,,Increase scheduling priority
0,2968,msdtc.exe,15,SeCreatePagefilePrivilege,,Create a pagefile
0,2968,msdtc.exe,16,SeCreatePermanentPrivilege,,Create permanent shared objects
0,2968,msdtc.exe,17,SeBackupPrivilege,,Backup files and directories
0,2968,msdtc.exe,18,SeRestorePrivilege,,Restore files and directories
0,2968,msdtc.exe,19,SeShutdownPrivilege,,Shut down the system
0,2968,msdtc.exe,20,SeDebugPrivilege,,Debug programs
0,2968,msdtc.exe,21,SeAuditPrivilege,,Generate security audits
0,2968,msdtc.exe,22,SeSystemEnvironmentPrivilege,,Edit firmware environment values
0,2968,msdtc.exe,23,SeChangeNotifyPrivilege,"Present,Enabled,Default",Receive notifications of changes to files or directories
0,2968,msdtc.exe,24,SeRemoteShutdownPrivilege,,Force shutdown from a remote system
0,2968,msdtc.exe,25,SeUndockPrivilege,,Remove computer from docking station
0,2968,msdtc.exe,26,SeSyncAgentPrivilege,,Synch directory service data
0,2968,msdtc.exe,27,SeEnableDelegationPrivilege,,Enable user accounts to be trusted for delegation
0,2968,msdtc.exe,28,SeManageVolumePrivilege,,Manage the files on a volume
0,2968,msdtc.exe,29,SeImpersonatePrivilege,Default,Impersonate a client after authentication
0,2968,msdtc.exe,30,SeCreateGlobalPrivilege,"Present,Enabled,Default",Create global objects
0,2968,msdtc.exe,31,SeTrustedCredManAccessPrivilege,,Access Credential Manager as a trusted caller
0,2968,msdtc.exe,32,SeRelabelPrivilege,,Modify the mandatory integrity level of an object
0,2968,msdtc.exe,33,SeIncreaseWorkingSetPrivilege,,Allocate more memory for user applications
0,2968,msdtc.exe,34,SeTimeZonePrivilege,,Adjust the time zone of the computer's internal clock
0,2968,msdtc.exe,35,SeCreateSymbolicLinkPrivilege,,Required to create a symbolic link
0,2968,msdtc.exe,36,SeDelegateSessionUserImpersonatePrivilege,,Obtain an impersonation token for another user in the same session.
0,2200,unsecapp.exe,2,SeCreateTokenPrivilege,,Create a token object
0,2200,unsecapp.exe,3,SeAssignPrimaryTokenPrivilege,Present,Replace a process-level token
0,2200,unsecapp.exe,4,SeLockMemoryPrivilege,"Present,Enabled,Default",Lock pages in memory
0,2200,unsecapp.exe,5,SeIncreaseQuotaPrivilege,Present,Increase quotas
0,2200,unsecapp.exe,6,SeMachineAccountPrivilege,,Add workstations to the domain
0,2200,unsecapp.exe,7,SeTcbPrivilege,"Present,Enabled,Default",Act as part of the operating system
0,2200,unsecapp.exe,8,SeSecurityPrivilege,Present,Manage auditing and security log
0,2200,unsecapp.exe,9,SeTakeOwnershipPrivilege,Present,Take ownership of files/objects
0,2200,unsecapp.exe,10,SeLoadDriverPrivilege,Present,Load and unload device drivers
0,2200,unsecapp.exe,11,SeSystemProfilePrivilege,"Present,Enabled,Default",Profile system performance
0,2200,unsecapp.exe,12,SeSystemtimePrivilege,Present,Change the system time
0,2200,unsecapp.exe,13,SeProfileSingleProcessPrivilege,"Present,Enabled,Default",Profile a single process
0,2200,unsecapp.exe,14,SeIncreaseBasePriorityPrivilege,"Present,Enabled,Default",Increase scheduling priority
0,2200,unsecapp.exe,15,SeCreatePagefilePrivilege,"Present,Enabled,Default",Create a pagefile
0,2200,unsecapp.exe,16,SeCreatePermanentPrivilege,"Present,Enabled,Default",Create permanent shared objects
0,2200,unsecapp.exe,17,SeBackupPrivilege,Present,Backup files and directories
0,2200,unsecapp.exe,18,SeRestorePrivilege,Present,Restore files and directories
0,2200,unsecapp.exe,19,SeShutdownPrivilege,Present,Shut down the system
0,2200,unsecapp.exe,20,SeDebugPrivilege,"Present,Enabled,Default",Debug programs
0,2200,unsecapp.exe,21,SeAuditPrivilege,"Present,Enabled,Default",Generate security audits
0,2200,unsecapp.exe,22,SeSystemEnvironmentPrivilege,Present,Edit firmware environment values
0,2200,unsecapp.exe,23,SeChangeNotifyPrivilege,"Present,Enabled,Default",Receive notifications of changes to files or directories
0,2200,unsecapp.exe,24,SeRemoteShutdownPrivilege,,Force shutdown from a remote system
0,2200,unsecapp.exe,25,SeUndockPrivilege,Present,Remove computer from docking station
0,2200,unsecapp.exe,26,SeSyncAgentPrivilege,,Synch directory service data
0,2200,unsecapp.exe,27,SeEnableDelegationPrivilege,,Enable user accounts to be trusted for delegation
0,2200,unsecapp.exe,28,SeManageVolumePrivilege,Present,Manage the files on a volume
0,2200,unsecapp.exe,29,SeImpersonatePrivilege,"Present,Enabled,Default",Impersonate a client after authentication
0,2200,unsecapp.exe,30,SeCreateGlobalPrivilege,"Present,Enabled,Default",Create global objects
0,2200,unsecapp.exe,31,SeTrustedCredManAccessPrivilege,,Access Credential Manager as a trusted caller
0,2200,unsecapp.exe,32,SeRelabelPrivilege,,Modify the mandatory integrity level of an object
0,2200,unsecapp.exe,33,SeIncreaseWorkingSetPrivilege,"Present,Enabled,Default",Allocate more memory for user applications
0,2200,unsecapp.exe,34,SeTimeZonePrivilege,"Present,Enabled,Default",Adjust the time zone of the computer's internal clock
0,2200,unsecapp.exe,35,SeCreateSymbolicLinkPrivilege,"Present,Enabled,Default",Required to create a symbolic link
0,2200,unsecapp.exe,36,SeDelegateSessionUserImpersonatePrivilege,"Present,Enabled,Default",Obtain an impersonation token for another user in the same session.
0,2616,WmiPrvSE.exe,2,SeCreateTokenPrivilege,,Create a token object
0,2616,WmiPrvSE.exe,3,SeAssignPrimaryTokenPrivilege,Present,Replace a process-level token
0,2616,WmiPrvSE.exe,4,SeLockMemoryPrivilege,,Lock pages in memory
0,2616,WmiPrvSE.exe,5,SeIncreaseQuotaPrivilege,Present,Increase quotas
0,2616,WmiPrvSE.exe,6,SeMachineAccountPrivilege,,Add workstations to the domain
0,2616,WmiPrvSE.exe,7,SeTcbPrivilege,,Act as part of the operating system
0,2616,WmiPrvSE.exe,8,SeSecurityPrivilege,,Manage auditing and security log
0,2616,WmiPrvSE.exe,9,SeTakeOwnershipPrivilege,,Take ownership of files/objects
0,2616,WmiPrvSE.exe,10,SeLoadDriverPrivilege,,Load and unload device drivers
0,2616,WmiPrvSE.exe,11,SeSystemProfilePrivilege,,Profile system performance
0,2616,WmiPrvSE.exe,12,SeSystemtimePrivilege,,Change the system time
0,2616,WmiPrvSE.exe,13,SeProfileSingleProcessPrivilege,,Profile a single process
0,2616,WmiPrvSE.exe,14,SeIncreaseBasePriorityPrivilege,,Increase scheduling priority
0,2616,WmiPrvSE.exe,15,SeCreatePagefilePrivilege,,Create a pagefile
0,2616,WmiPrvSE.exe,16,SeCreatePermanentPrivilege,,Create permanent shared objects
0,2616,WmiPrvSE.exe,17,SeBackupPrivilege,,Backup files and directories
0,2616,WmiPrvSE.exe,18,SeRestorePrivilege,,Restore files and directories
0,2616,WmiPrvSE.exe,19,SeShutdownPrivilege,Present,Shut down the system
0,2616,WmiPrvSE.exe,20,SeDebugPrivilege,,Debug programs
0,2616,WmiPrvSE.exe,21,SeAuditPrivilege,Present,Generate security audits
0,2616,WmiPrvSE.exe,22,SeSystemEnvironmentPrivilege,,Edit firmware environment values
0,2616,WmiPrvSE.exe,23,SeChangeNotifyPrivilege,"Present,Enabled,Default",Receive notifications of changes to files or directories
0,2616,WmiPrvSE.exe,24,SeRemoteShutdownPrivilege,,Force shutdown from a remote system
0,2616,WmiPrvSE.exe,25,SeUndockPrivilege,Present,Remove computer from docking station
0,2616,WmiPrvSE.exe,26,SeSyncAgentPrivilege,,Synch directory service data
0,2616,WmiPrvSE.exe,27,SeEnableDelegationPrivilege,,Enable user accounts to be trusted for delegation
0,2616,WmiPrvSE.exe,28,SeManageVolumePrivilege,,Manage the files on a volume
0,2616,WmiPrvSE.exe,29,SeImpersonatePrivilege,"Present,Enabled,Default",Impersonate a client after authentication
0,2616,WmiPrvSE.exe,30,SeCreateGlobalPrivilege,"Present,Enabled,Default",Create global objects
0,2616,WmiPrvSE.exe,31,SeTrustedCredManAccessPrivilege,,Access Credential Manager as a trusted caller
0,2616,WmiPrvSE.exe,32,SeRelabelPrivilege,,Modify the mandatory integrity level of an object
0,2616,WmiPrvSE.exe,33,SeIncreaseWorkingSetPrivilege,Present,Allocate more memory for user applications
0,2616,WmiPrvSE.exe,34,SeTimeZonePrivilege,Present,Adjust the time zone of the computer's internal clock
0,2616,WmiPrvSE.exe,35,SeCreateSymbolicLinkPrivilege,,Required to create a symbolic link
0,2616,WmiPrvSE.exe,36,SeDelegateSessionUserImpersonatePrivilege,,Obtain an impersonation token for another user in the same session.
0,3220,sihost.exe,2,SeCreateTokenPrivilege,,Create a token object
0,3220,sihost.exe,3,SeAssignPrimaryTokenPrivilege,,Replace a process-level token
0,3220,sihost.exe,4,SeLockMemoryPrivilege,,Lock pages in memory
0,3220,sihost.exe,5,SeIncreaseQuotaPrivilege,,Increase quotas
0,3220,sihost.exe,6,SeMachineAccountPrivilege,,Add workstations to the domain
0,3220,sihost.exe,7,SeTcbPrivilege,,Act as part of the operating system
0,3220,sihost.exe,8,SeSecurityPrivilege,,Manage auditing and security log
0,3220,sihost.exe,9,SeTakeOwnershipPrivilege,,Take ownership of files/objects
0,3220,sihost.exe,10,SeLoadDriverPrivilege,,Load and unload device drivers
0,3220,sihost.exe,11,SeSystemProfilePrivilege,,Profile system performance
0,3220,sihost.exe,12,SeSystemtimePrivilege,,Change the system time
0,3220,sihost.exe,13,SeProfileSingleProcessPrivilege,,Profile a single process
0,3220,sihost.exe,14,SeIncreaseBasePriorityPrivilege,,Increase scheduling priority
0,3220,sihost.exe,15,SeCreatePagefilePrivilege,,Create a pagefile
0,3220,sihost.exe,16,SeCreatePermanentPrivilege,,Create permanent shared objects
0,3220,sihost.exe,17,SeBackupPrivilege,,Backup files and directories
0,3220,sihost.exe,18,SeRestorePrivilege,,Restore files and directories
0,3220,sihost.exe,19,SeShutdownPrivilege,Present,Shut down the system
0,3220,sihost.exe,20,SeDebugPrivilege,,Debug programs
0,3220,sihost.exe,21,SeAuditPrivilege,,Generate security audits
0,3220,sihost.exe,22,SeSystemEnvironmentPrivilege,,Edit firmware environment values
0,3220,sihost.exe,23,SeChangeNotifyPrivilege,"Present,Enabled,Default",Receive notifications of changes to files or directories
0,3220,sihost.exe,24,SeRemoteShutdownPrivilege,,Force shutdown from a remote system
0,3220,sihost.exe,25,SeUndockPrivilege,Present,Remove computer from docking station
0,3220,sihost.exe,26,SeSyncAgentPrivilege,,Synch directory service data
0,3220,sihost.exe,27,SeEnableDelegationPrivilege,,Enable user accounts to be trusted for delegation
0,3220,sihost.exe,28,SeManageVolumePrivilege,,Manage the files on a volume
0,3220,sihost.exe,29,SeImpersonatePrivilege,,Impersonate a client after authentication
0,3220,sihost.exe,30,SeCreateGlobalPrivilege,Default,Create global objects
0,3220,sihost.exe,31,SeTrustedCredManAccessPrivilege,,Access Credential Manager as a trusted caller
0,3220,sihost.exe,32,SeRelabelPrivilege,,Modify the mandatory integrity level of an object
0,3220,sihost.exe,33,SeIncreaseWorkingSetPrivilege,Present,Allocate more memory for user applications
0,3220,sihost.exe,34,SeTimeZonePrivilege,Present,Adjust the time zone of the computer's internal clock
0,3220,sihost.exe,35,SeCreateSymbolicLinkPrivilege,,Required to create a symbolic link
0,3220,sihost.exe,36,SeDelegateSessionUserImpersonatePrivilege,,Obtain an impersonation token for another user in the same session.
0,3268,svchost.exe,2,SeCreateTokenPrivilege,,Create a token object
0,3268,svchost.exe,3,SeAssignPrimaryTokenPrivilege,,Replace a process-level token
0,3268,svchost.exe,4,SeLockMemoryPrivilege,,Lock pages in memory
0,3268,svchost.exe,5,SeIncreaseQuotaPrivilege,,Increase quotas
0,3268,svchost.exe,6,SeMachineAccountPrivilege,,Add workstations to the domain
0,3268,svchost.exe,7,SeTcbPrivilege,,Act as part of the operating system
0,3268,svchost.exe,8,SeSecurityPrivilege,,Manage auditing and security log
0,3268,svchost.exe,9,SeTakeOwnershipPrivilege,,Take ownership of files/objects
0,3268,svchost.exe,10,SeLoadDriverPrivilege,,Load and unload device drivers
0,3268,svchost.exe,11,SeSystemProfilePrivilege,,Profile system performance
0,3268,svchost.exe,12,SeSystemtimePrivilege,,Change the system time
0,3268,svchost.exe,13,SeProfileSingleProcessPrivilege,,Profile a single process
0,3268,svchost.exe,14,SeIncreaseBasePriorityPrivilege,,Increase scheduling priority
0,3268,svchost.exe,15,SeCreatePagefilePrivilege,,Create a pagefile
0,3268,svchost.exe,16,SeCreatePermanentPrivilege,,Create permanent shared objects
0,3268,svchost.exe,17,SeBackupPrivilege,,Backup files and directories
0,3268,svchost.exe,18,SeRestorePrivilege,,Restore files and directories
0,3268,svchost.exe,19,SeShutdownPrivilege,Present,Shut down the system
0,3268,svchost.exe,20,SeDebugPrivilege,,Debug programs
0,3268,svchost.exe,21,SeAuditPrivilege,,Generate security audits
0,3268,svchost.exe,22,SeSystemEnvironmentPrivilege,,Edit firmware environment values
0,3268,svchost.exe,23,SeChangeNotifyPrivilege,"Present,Enabled,Default",Receive notifications of changes to files or directories
0,3268,svchost.exe,24,SeRemoteShutdownPrivilege,,Force shutdown from a remote system
0,3268,svchost.exe,25,SeUndockPrivilege,Present,Remove computer from docking station
0,3268,svchost.exe,26,SeSyncAgentPrivilege,,Synch directory service data
0,3268,svchost.exe,27,SeEnableDelegationPrivilege,,Enable user accounts to be trusted for delegation
0,3268,svchost.exe,28,SeManageVolumePrivilege,,Manage the files on a volume
0,3268,svchost.exe,29,SeImpersonatePrivilege,,Impersonate a client after authentication
0,3268,svchost.exe,30,SeCreateGlobalPrivilege,Default,Create global objects
0,3268,svchost.exe,31,SeTrustedCredManAccessPrivilege,,Access Credential Manager as a trusted caller
0,3268,svchost.exe,32,SeRelabelPrivilege,,Modify the mandatory integrity level of an object
0,3268,svchost.exe,33,SeIncreaseWorkingSetPrivilege,Present,Allocate more memory for user applications
0,3268,svchost.exe,34,SeTimeZonePrivilege,Present,Adjust the time zone of the computer's internal clock
0,3268,svchost.exe,35,SeCreateSymbolicLinkPrivilege,,Required to create a symbolic link
0,3268,svchost.exe,36,SeDelegateSessionUserImpersonatePrivilege,,Obtain an impersonation token for another user in the same session.
0,3328,MicrosoftEdgeU,2,SeCreateTokenPrivilege,,Create a token object
0,3328,MicrosoftEdgeU,3,SeAssignPrimaryTokenPrivilege,Present,Replace a process-level token
0,3328,MicrosoftEdgeU,4,SeLockMemoryPrivilege,"Present,Enabled,Default",Lock pages in memory
0,3328,MicrosoftEdgeU,5,SeIncreaseQuotaPrivilege,Present,Increase quotas
0,3328,MicrosoftEdgeU,6,SeMachineAccountPrivilege,,Add workstations to the domain
0,3328,MicrosoftEdgeU,7,SeTcbPrivilege,"Present,Enabled,Default",Act as part of the operating system
0,3328,MicrosoftEdgeU,8,SeSecurityPrivilege,Present,Manage auditing and security log
0,3328,MicrosoftEdgeU,9,SeTakeOwnershipPrivilege,Present,Take ownership of files/objects
0,3328,MicrosoftEdgeU,10,SeLoadDriverPrivilege,Present,Load and unload device drivers
0,3328,MicrosoftEdgeU,11,SeSystemProfilePrivilege,"Present,Enabled,Default",Profile system performance
0,3328,MicrosoftEdgeU,12,SeSystemtimePrivilege,Present,Change the system time
0,3328,MicrosoftEdgeU,13,SeProfileSingleProcessPrivilege,"Present,Enabled,Default",Profile a single process
0,3328,MicrosoftEdgeU,14,SeIncreaseBasePriorityPrivilege,"Present,Enabled,Default",Increase scheduling priority
0,3328,MicrosoftEdgeU,15,SeCreatePagefilePrivilege,"Present,Enabled,Default",Create a pagefile
0,3328,MicrosoftEdgeU,16,SeCreatePermanentPrivilege,"Present,Enabled,Default",Create permanent shared objects
0,3328,MicrosoftEdgeU,17,SeBackupPrivilege,Present,Backup files and directories
0,3328,MicrosoftEdgeU,18,SeRestorePrivilege,Present,Restore files and directories
0,3328,MicrosoftEdgeU,19,SeShutdownPrivilege,Present,Shut down the system
0,3328,MicrosoftEdgeU,20,SeDebugPrivilege,"Present,Enabled,Default",Debug programs
0,3328,MicrosoftEdgeU,21,SeAuditPrivilege,"Present,Enabled,Default",Generate security audits
0,3328,MicrosoftEdgeU,22,SeSystemEnvironmentPrivilege,Present,Edit firmware environment values
0,3328,MicrosoftEdgeU,23,SeChangeNotifyPrivilege,"Present,Enabled,Default",Receive notifications of changes to files or directories
0,3328,MicrosoftEdgeU,24,SeRemoteShutdownPrivilege,,Force shutdown from a remote system
0,3328,MicrosoftEdgeU,25,SeUndockPrivilege,Present,Remove computer from docking station
0,3328,MicrosoftEdgeU,26,SeSyncAgentPrivilege,,Synch directory service data
0,3328,MicrosoftEdgeU,27,SeEnableDelegationPrivilege,,Enable user accounts to be trusted for delegation
0,3328,MicrosoftEdgeU,28,SeManageVolumePrivilege,Present,Manage the files on a volume
0,3328,MicrosoftEdgeU,29,SeImpersonatePrivilege,"Present,Enabled,Default",Impersonate a client after authentication
0,3328,MicrosoftEdgeU,30,SeCreateGlobalPrivilege,"Present,Enabled,Default",Create global objects
0,3328,MicrosoftEdgeU,31,SeTrustedCredManAccessPrivilege,,Access Credential Manager as a trusted caller
0,3328,MicrosoftEdgeU,32,SeRelabelPrivilege,,Modify the mandatory integrity level of an object
0,3328,MicrosoftEdgeU,33,SeIncreaseWorkingSetPrivilege,"Present,Enabled,Default",Allocate more memory for user applications
0,3328,MicrosoftEdgeU,34,SeTimeZonePrivilege,"Present,Enabled,Default",Adjust the time zone of the computer's internal clock
0,3328,MicrosoftEdgeU,35,SeCreateSymbolicLinkPrivilege,"Present,Enabled,Default",Required to create a symbolic link
0,3328,MicrosoftEdgeU,36,SeDelegateSessionUserImpersonatePrivilege,"Present,Enabled,Default",Obtain an impersonation token for another user in the same session.
0,3336,taskhostw.exe,2,SeCreateTokenPrivilege,,Create a token object
0,3336,taskhostw.exe,3,SeAssignPrimaryTokenPrivilege,,Replace a process-level token
0,3336,taskhostw.exe,4,SeLockMemoryPrivilege,,Lock pages in memory
0,3336,taskhostw.exe,5,SeIncreaseQuotaPrivilege,,Increase quotas
0,3336,taskhostw.exe,6,SeMachineAccountPrivilege,,Add workstations to the domain
0,3336,taskhostw.exe,7,SeTcbPrivilege,,Act as part of the operating system
0,3336,taskhostw.exe,8,SeSecurityPrivilege,,Manage auditing and security log
0,3336,taskhostw.exe,9,SeTakeOwnershipPrivilege,,Take ownership of files/objects
0,3336,taskhostw.exe,10,SeLoadDriverPrivilege,,Load and unload device drivers
0,3336,taskhostw.exe,11,SeSystemProfilePrivilege,,Profile system performance
0,3336,taskhostw.exe,12,SeSystemtimePrivilege,,Change the system time
0,3336,taskhostw.exe,13,SeProfileSingleProcessPrivilege,,Profile a single process
0,3336,taskhostw.exe,14,SeIncreaseBasePriorityPrivilege,,Increase scheduling priority
0,3336,taskhostw.exe,15,SeCreatePagefilePrivilege,,Create a pagefile
0,3336,taskhostw.exe,16,SeCreatePermanentPrivilege,,Create permanent shared objects
0,3336,taskhostw.exe,17,SeBackupPrivilege,,Backup files and directories
0,3336,taskhostw.exe,18,SeRestorePrivilege,,Restore files and directories
0,3336,taskhostw.exe,19,SeShutdownPrivilege,Present,Shut down the system
0,3336,taskhostw.exe,20,SeDebugPrivilege,,Debug programs
0,3336,taskhostw.exe,21,SeAuditPrivilege,,Generate security audits
0,3336,taskhostw.exe,22,SeSystemEnvironmentPrivilege,,Edit firmware environment values
0,3336,taskhostw.exe,23,SeChangeNotifyPrivilege,"Present,Enabled,Default",Receive notifications of changes to files or directories
0,3336,taskhostw.exe,24,SeRemoteShutdownPrivilege,,Force shutdown from a remote system
0,3336,taskhostw.exe,25,SeUndockPrivilege,Present,Remove computer from docking station
0,3336,taskhostw.exe,26,SeSyncAgentPrivilege,,Synch directory service data
0,3336,taskhostw.exe,27,SeEnableDelegationPrivilege,,Enable user accounts to be trusted for delegation
0,3336,taskhostw.exe,28,SeManageVolumePrivilege,,Manage the files on a volume
0,3336,taskhostw.exe,29,SeImpersonatePrivilege,,Impersonate a client after authentication
0,3336,taskhostw.exe,30,SeCreateGlobalPrivilege,Default,Create global objects
0,3336,taskhostw.exe,31,SeTrustedCredManAccessPrivilege,,Access Credential Manager as a trusted caller
0,3336,taskhostw.exe,32,SeRelabelPrivilege,,Modify the mandatory integrity level of an object
0,3336,taskhostw.exe,33,SeIncreaseWorkingSetPrivilege,Present,Allocate more memory for user applications
0,3336,taskhostw.exe,34,SeTimeZonePrivilege,Present,Adjust the time zone of the computer's internal clock
0,3336,taskhostw.exe,35,SeCreateSymbolicLinkPrivilege,,Required to create a symbolic link
0,3336,taskhostw.exe,36,SeDelegateSessionUserImpersonatePrivilege,,Obtain an impersonation token for another user in the same session.
0,3484,ctfmon.exe,2,SeCreateTokenPrivilege,,Create a token object
0,3484,ctfmon.exe,3,SeAssignPrimaryTokenPrivilege,,Replace a process-level token
0,3484,ctfmon.exe,4,SeLockMemoryPrivilege,,Lock pages in memory
0,3484,ctfmon.exe,5,SeIncreaseQuotaPrivilege,,Increase quotas
0,3484,ctfmon.exe,6,SeMachineAccountPrivilege,,Add workstations to the domain
0,3484,ctfmon.exe,7,SeTcbPrivilege,,Act as part of the operating system
0,3484,ctfmon.exe,8,SeSecurityPrivilege,,Manage auditing and security log
0,3484,ctfmon.exe,9,SeTakeOwnershipPrivilege,,Take ownership of files/objects
0,3484,ctfmon.exe,10,SeLoadDriverPrivilege,,Load and unload device drivers
0,3484,ctfmon.exe,11,SeSystemProfilePrivilege,,Profile system performance
0,3484,ctfmon.exe,12,SeSystemtimePrivilege,,Change the system time
0,3484,ctfmon.exe,13,SeProfileSingleProcessPrivilege,,Profile a single process
0,3484,ctfmon.exe,14,SeIncreaseBasePriorityPrivilege,,Increase scheduling priority
0,3484,ctfmon.exe,15,SeCreatePagefilePrivilege,,Create a pagefile
0,3484,ctfmon.exe,16,SeCreatePermanentPrivilege,,Create permanent shared objects
0,3484,ctfmon.exe,17,SeBackupPrivilege,,Backup files and directories
0,3484,ctfmon.exe,18,SeRestorePrivilege,,Restore files and directories
0,3484,ctfmon.exe,19,SeShutdownPrivilege,Present,Shut down the system
0,3484,ctfmon.exe,20,SeDebugPrivilege,,Debug programs
0,3484,ctfmon.exe,21,SeAuditPrivilege,,Generate security audits
0,3484,ctfmon.exe,22,SeSystemEnvironmentPrivilege,,Edit firmware environment values
0,3484,ctfmon.exe,23,SeChangeNotifyPrivilege,"Present,Enabled,Default",Receive notifications of changes to files or directories
0,3484,ctfmon.exe,24,SeRemoteShutdownPrivilege,,Force shutdown from a remote system
0,3484,ctfmon.exe,25,SeUndockPrivilege,Present,Remove computer from docking station
0,3484,ctfmon.exe,26,SeSyncAgentPrivilege,,Synch directory service data
0,3484,ctfmon.exe,27,SeEnableDelegationPrivilege,,Enable user accounts to be trusted for delegation
0,3484,ctfmon.exe,28,SeManageVolumePrivilege,,Manage the files on a volume
0,3484,ctfmon.exe,29,SeImpersonatePrivilege,,Impersonate a client after authentication
0,3484,ctfmon.exe,30,SeCreateGlobalPrivilege,Default,Create global objects
0,3484,ctfmon.exe,31,SeTrustedCredManAccessPrivilege,,Access Credential Manager as a trusted caller
0,3484,ctfmon.exe,32,SeRelabelPrivilege,,Modify the mandatory integrity level of an object
0,3484,ctfmon.exe,33,SeIncreaseWorkingSetPrivilege,Present,Allocate more memory for user applications
0,3484,ctfmon.exe,34,SeTimeZonePrivilege,Present,Adjust the time zone of the computer's internal clock
0,3484,ctfmon.exe,35,SeCreateSymbolicLinkPrivilege,,Required to create a symbolic link
0,3484,ctfmon.exe,36,SeDelegateSessionUserImpersonatePrivilege,,Obtain an impersonation token for another user in the same session.
0,3668,userinit.exe,2,SeCreateTokenPrivilege,,Create a token object
0,3668,userinit.exe,3,SeAssignPrimaryTokenPrivilege,,Replace a process-level token
0,3668,userinit.exe,4,SeLockMemoryPrivilege,,Lock pages in memory
0,3668,userinit.exe,5,SeIncreaseQuotaPrivilege,,Increase quotas
0,3668,userinit.exe,6,SeMachineAccountPrivilege,,Add workstations to the domain
0,3668,userinit.exe,7,SeTcbPrivilege,,Act as part of the operating system
0,3668,userinit.exe,8,SeSecurityPrivilege,,Manage auditing and security log
0,3668,userinit.exe,9,SeTakeOwnershipPrivilege,,Take ownership of files/objects
0,3668,userinit.exe,10,SeLoadDriverPrivilege,,Load and unload device drivers
0,3668,userinit.exe,11,SeSystemProfilePrivilege,,Profile system performance
0,3668,userinit.exe,12,SeSystemtimePrivilege,,Change the system time
0,3668,userinit.exe,13,SeProfileSingleProcessPrivilege,,Profile a single process
0,3668,userinit.exe,14,SeIncreaseBasePriorityPrivilege,,Increase scheduling priority
0,3668,userinit.exe,15,SeCreatePagefilePrivilege,,Create a pagefile
0,3668,userinit.exe,16,SeCreatePermanentPrivilege,,Create permanent shared objects
0,3668,userinit.exe,17,SeBackupPrivilege,,Backup files and directories
0,3668,userinit.exe,18,SeRestorePrivilege,,Restore files and directories
0,3668,userinit.exe,19,SeShutdownPrivilege,Present,Shut down the system
0,3668,userinit.exe,20,SeDebugPrivilege,,Debug programs
0,3668,userinit.exe,21,SeAuditPrivilege,,Generate security audits
0,3668,userinit.exe,22,SeSystemEnvironmentPrivilege,,Edit firmware environment values
0,3668,userinit.exe,23,SeChangeNotifyPrivilege,"Present,Enabled,Default",Receive notifications of changes to files or directories
0,3668,userinit.exe,24,SeRemoteShutdownPrivilege,,Force shutdown from a remote system
0,3668,userinit.exe,25,SeUndockPrivilege,Present,Remove computer from docking station
0,3668,userinit.exe,26,SeSyncAgentPrivilege,,Synch directory service data
0,3668,userinit.exe,27,SeEnableDelegationPrivilege,,Enable user accounts to be trusted for delegation
0,3668,userinit.exe,28,SeManageVolumePrivilege,,Manage the files on a volume
0,3668,userinit.exe,29,SeImpersonatePrivilege,,Impersonate a client after authentication
0,3668,userinit.exe,30,SeCreateGlobalPrivilege,Default,Create global objects
0,3668,userinit.exe,31,SeTrustedCredManAccessPrivilege,,Access Credential Manager as a trusted caller
0,3668,userinit.exe,32,SeRelabelPrivilege,,Modify the mandatory integrity level of an object
0,3668,userinit.exe,33,SeIncreaseWorkingSetPrivilege,Present,Allocate more memory for user applications
0,3668,userinit.exe,34,SeTimeZonePrivilege,Present,Adjust the time zone of the computer's internal clock
0,3668,userinit.exe,35,SeCreateSymbolicLinkPrivilege,,Required to create a symbolic link
0,3668,userinit.exe,36,SeDelegateSessionUserImpersonatePrivilege,,Obtain an impersonation token for another user in the same session.
0,3720,explorer.exe,2,SeCreateTokenPrivilege,,Create a token object
0,3720,explorer.exe,3,SeAssignPrimaryTokenPrivilege,,Replace a process-level token
0,3720,explorer.exe,4,SeLockMemoryPrivilege,,Lock pages in memory
0,3720,explorer.exe,5,SeIncreaseQuotaPrivilege,,Increase quotas
0,3720,explorer.exe,6,SeMachineAccountPrivilege,,Add workstations to the domain
0,3720,explorer.exe,7,SeTcbPrivilege,,Act as part of the operating system
0,3720,explorer.exe,8,SeSecurityPrivilege,,Manage auditing and security log
0,3720,explorer.exe,9,SeTakeOwnershipPrivilege,,Take ownership of files/objects
0,3720,explorer.exe,10,SeLoadDriverPrivilege,,Load and unload device drivers
0,3720,explorer.exe,11,SeSystemProfilePrivilege,,Profile system performance
0,3720,explorer.exe,12,SeSystemtimePrivilege,,Change the system time
0,3720,explorer.exe,13,SeProfileSingleProcessPrivilege,,Profile a single process
0,3720,explorer.exe,14,SeIncreaseBasePriorityPrivilege,,Increase scheduling priority
0,3720,explorer.exe,15,SeCreatePagefilePrivilege,,Create a pagefile
0,3720,explorer.exe,16,SeCreatePermanentPrivilege,,Create permanent shared objects
0,3720,explorer.exe,17,SeBackupPrivilege,,Backup files and directories
0,3720,explorer.exe,18,SeRestorePrivilege,,Restore files and directories
0,3720,explorer.exe,19,SeShutdownPrivilege,Present,Shut down the system
0,3720,explorer.exe,20,SeDebugPrivilege,,Debug programs
0,3720,explorer.exe,21,SeAuditPrivilege,,Generate security audits
0,3720,explorer.exe,22,SeSystemEnvironmentPrivilege,,Edit firmware environment values
0,3720,explorer.exe,23,SeChangeNotifyPrivilege,"Present,Enabled,Default",Receive notifications of changes to files or directories
0,3720,explorer.exe,24,SeRemoteShutdownPrivilege,,Force shutdown from a remote system
0,3720,explorer.exe,25,SeUndockPrivilege,Present,Remove computer from docking station
0,3720,explorer.exe,26,SeSyncAgentPrivilege,,Synch directory service data
0,3720,explorer.exe,27,SeEnableDelegationPrivilege,,Enable user accounts to be trusted for delegation
0,3720,explorer.exe,28,SeManageVolumePrivilege,,Manage the files on a volume
0,3720,explorer.exe,29,SeImpersonatePrivilege,,Impersonate a client after authentication
0,3720,explorer.exe,30,SeCreateGlobalPrivilege,Default,Create global objects
0,3720,explorer.exe,31,SeTrustedCredManAccessPrivilege,,Access Credential Manager as a trusted caller
0,3720,explorer.exe,32,SeRelabelPrivilege,,Modify the mandatory integrity level of an object
0,3720,explorer.exe,33,SeIncreaseWorkingSetPrivilege,Present,Allocate more memory for user applications
0,3720,explorer.exe,34,SeTimeZonePrivilege,Present,Adjust the time zone of the computer's internal clock
0,3720,explorer.exe,35,SeCreateSymbolicLinkPrivilege,,Required to create a symbolic link
0,3720,explorer.exe,36,SeDelegateSessionUserImpersonatePrivilege,,Obtain an impersonation token for another user in the same session.
0,4080,svchost.exe,2,SeCreateTokenPrivilege,,Create a token object
0,4080,svchost.exe,3,SeAssignPrimaryTokenPrivilege,,Replace a process-level token
0,4080,svchost.exe,4,SeLockMemoryPrivilege,,Lock pages in memory
0,4080,svchost.exe,5,SeIncreaseQuotaPrivilege,,Increase quotas
0,4080,svchost.exe,6,SeMachineAccountPrivilege,,Add workstations to the domain
0,4080,svchost.exe,7,SeTcbPrivilege,,Act as part of the operating system
0,4080,svchost.exe,8,SeSecurityPrivilege,,Manage auditing and security log
0,4080,svchost.exe,9,SeTakeOwnershipPrivilege,,Take ownership of files/objects
0,4080,svchost.exe,10,SeLoadDriverPrivilege,,Load and unload device drivers
0,4080,svchost.exe,11,SeSystemProfilePrivilege,,Profile system performance
0,4080,svchost.exe,12,SeSystemtimePrivilege,,Change the system time
0,4080,svchost.exe,13,SeProfileSingleProcessPrivilege,,Profile a single process
0,4080,svchost.exe,14,SeIncreaseBasePriorityPrivilege,,Increase scheduling priority
0,4080,svchost.exe,15,SeCreatePagefilePrivilege,,Create a pagefile
0,4080,svchost.exe,16,SeCreatePermanentPrivilege,,Create permanent shared objects
0,4080,svchost.exe,17,SeBackupPrivilege,,Backup files and directories
0,4080,svchost.exe,18,SeRestorePrivilege,,Restore files and directories
0,4080,svchost.exe,19,SeShutdownPrivilege,Present,Shut down the system
0,4080,svchost.exe,20,SeDebugPrivilege,,Debug programs
0,4080,svchost.exe,21,SeAuditPrivilege,,Generate security audits
0,4080,svchost.exe,22,SeSystemEnvironmentPrivilege,,Edit firmware environment values
0,4080,svchost.exe,23,SeChangeNotifyPrivilege,"Present,Enabled,Default",Receive notifications of changes to files or directories
0,4080,svchost.exe,24,SeRemoteShutdownPrivilege,,Force shutdown from a remote system
0,4080,svchost.exe,25,SeUndockPrivilege,Present,Remove computer from docking station
0,4080,svchost.exe,26,SeSyncAgentPrivilege,,Synch directory service data
0,4080,svchost.exe,27,SeEnableDelegationPrivilege,,Enable user accounts to be trusted for delegation
0,4080,svchost.exe,28,SeManageVolumePrivilege,,Manage the files on a volume
0,4080,svchost.exe,29,SeImpersonatePrivilege,,Impersonate a client after authentication
0,4080,svchost.exe,30,SeCreateGlobalPrivilege,Default,Create global objects
0,4080,svchost.exe,31,SeTrustedCredManAccessPrivilege,,Access Credential Manager as a trusted caller
0,4080,svchost.exe,32,SeRelabelPrivilege,,Modify the mandatory integrity level of an object
0,4080,svchost.exe,33,SeIncreaseWorkingSetPrivilege,Present,Allocate more memory for user applications
0,4080,svchost.exe,34,SeTimeZonePrivilege,Present,Adjust the time zone of the computer's internal clock
0,4080,svchost.exe,35,SeCreateSymbolicLinkPrivilege,,Required to create a symbolic link
0,4080,svchost.exe,36,SeDelegateSessionUserImpersonatePrivilege,,Obtain an impersonation token for another user in the same session.
0,4380,StartMenuExper,2,SeCreateTokenPrivilege,,Create a token object
0,4380,StartMenuExper,3,SeAssignPrimaryTokenPrivilege,,Replace a process-level token
0,4380,StartMenuExper,4,SeLockMemoryPrivilege,,Lock pages in memory
0,4380,StartMenuExper,5,SeIncreaseQuotaPrivilege,,Increase quotas
0,4380,StartMenuExper,6,SeMachineAccountPrivilege,,Add workstations to the domain
0,4380,StartMenuExper,7,SeTcbPrivilege,,Act as part of the operating system
0,4380,StartMenuExper,8,SeSecurityPrivilege,,Manage auditing and security log
0,4380,StartMenuExper,9,SeTakeOwnershipPrivilege,,Take ownership of files/objects
0,4380,StartMenuExper,10,SeLoadDriverPrivilege,,Load and unload device drivers
0,4380,StartMenuExper,11,SeSystemProfilePrivilege,,Profile system performance
0,4380,StartMenuExper,12,SeSystemtimePrivilege,,Change the system time
0,4380,StartMenuExper,13,SeProfileSingleProcessPrivilege,,Profile a single process
0,4380,StartMenuExper,14,SeIncreaseBasePriorityPrivilege,,Increase scheduling priority
0,4380,StartMenuExper,15,SeCreatePagefilePrivilege,,Create a pagefile
0,4380,StartMenuExper,16,SeCreatePermanentPrivilege,,Create permanent shared objects
0,4380,StartMenuExper,17,SeBackupPrivilege,,Backup files and directories
0,4380,StartMenuExper,18,SeRestorePrivilege,,Restore files and directories
0,4380,StartMenuExper,19,SeShutdownPrivilege,,Shut down the system
0,4380,StartMenuExper,20,SeDebugPrivilege,,Debug programs
0,4380,StartMenuExper,21,SeAuditPrivilege,,Generate security audits
0,4380,StartMenuExper,22,SeSystemEnvironmentPrivilege,,Edit firmware environment values
0,4380,StartMenuExper,23,SeChangeNotifyPrivilege,"Present,Enabled,Default",Receive notifications of changes to files or directories
0,4380,StartMenuExper,24,SeRemoteShutdownPrivilege,,Force shutdown from a remote system
0,4380,StartMenuExper,25,SeUndockPrivilege,,Remove computer from docking station
0,4380,StartMenuExper,26,SeSyncAgentPrivilege,,Synch directory service data
0,4380,StartMenuExper,27,SeEnableDelegationPrivilege,,Enable user accounts to be trusted for delegation
0,4380,StartMenuExper,28,SeManageVolumePrivilege,,Manage the files on a volume
0,4380,StartMenuExper,29,SeImpersonatePrivilege,,Impersonate a client after authentication
0,4380,StartMenuExper,30,SeCreateGlobalPrivilege,,Create global objects
0,4380,StartMenuExper,31,SeTrustedCredManAccessPrivilege,,Access Credential Manager as a trusted caller
0,4380,StartMenuExper,32,SeRelabelPrivilege,,Modify the mandatory integrity level of an object
0,4380,StartMenuExper,33,SeIncreaseWorkingSetPrivilege,Present,Allocate more memory for user applications
0,4380,StartMenuExper,34,SeTimeZonePrivilege,,Adjust the time zone of the computer's internal clock
0,4380,StartMenuExper,35,SeCreateSymbolicLinkPrivilege,,Required to create a symbolic link
0,4380,StartMenuExper,36,SeDelegateSessionUserImpersonatePrivilege,,Obtain an impersonation token for another user in the same session.
0,4448,RuntimeBroker.,2,SeCreateTokenPrivilege,,Create a token object
0,4448,RuntimeBroker.,3,SeAssignPrimaryTokenPrivilege,,Replace a process-level token
0,4448,RuntimeBroker.,4,SeLockMemoryPrivilege,,Lock pages in memory
0,4448,RuntimeBroker.,5,SeIncreaseQuotaPrivilege,,Increase quotas
0,4448,RuntimeBroker.,6,SeMachineAccountPrivilege,,Add workstations to the domain
0,4448,RuntimeBroker.,7,SeTcbPrivilege,,Act as part of the operating system
0,4448,RuntimeBroker.,8,SeSecurityPrivilege,,Manage auditing and security log
0,4448,RuntimeBroker.,9,SeTakeOwnershipPrivilege,,Take ownership of files/objects
0,4448,RuntimeBroker.,10,SeLoadDriverPrivilege,,Load and unload device drivers
0,4448,RuntimeBroker.,11,SeSystemProfilePrivilege,,Profile system performance
0,4448,RuntimeBroker.,12,SeSystemtimePrivilege,,Change the system time
0,4448,RuntimeBroker.,13,SeProfileSingleProcessPrivilege,,Profile a single process
0,4448,RuntimeBroker.,14,SeIncreaseBasePriorityPrivilege,,Increase scheduling priority
0,4448,RuntimeBroker.,15,SeCreatePagefilePrivilege,,Create a pagefile
0,4448,RuntimeBroker.,16,SeCreatePermanentPrivilege,,Create permanent shared objects
0,4448,RuntimeBroker.,17,SeBackupPrivilege,,Backup files and directories
0,4448,RuntimeBroker.,18,SeRestorePrivilege,,Restore files and directories
0,4448,RuntimeBroker.,19,SeShutdownPrivilege,Present,Shut down the system
0,4448,RuntimeBroker.,20,SeDebugPrivilege,,Debug programs
0,4448,RuntimeBroker.,21,SeAuditPrivilege,,Generate security audits
0,4448,RuntimeBroker.,22,SeSystemEnvironmentPrivilege,,Edit firmware environment values
0,4448,RuntimeBroker.,23,SeChangeNotifyPrivilege,"Present,Enabled,Default",Receive notifications of changes to files or directories
0,4448,RuntimeBroker.,24,SeRemoteShutdownPrivilege,,Force shutdown from a remote system
0,4448,RuntimeBroker.,25,SeUndockPrivilege,Present,Remove computer from docking station
0,4448,RuntimeBroker.,26,SeSyncAgentPrivilege,,Synch directory service data
0,4448,RuntimeBroker.,27,SeEnableDelegationPrivilege,,Enable user accounts to be trusted for delegation
0,4448,RuntimeBroker.,28,SeManageVolumePrivilege,,Manage the files on a volume
0,4448,RuntimeBroker.,29,SeImpersonatePrivilege,,Impersonate a client after authentication
0,4448,RuntimeBroker.,30,SeCreateGlobalPrivilege,Default,Create global objects
0,4448,RuntimeBroker.,31,SeTrustedCredManAccessPrivilege,,Access Credential Manager as a trusted caller
0,4448,RuntimeBroker.,32,SeRelabelPrivilege,,Modify the mandatory integrity level of an object
0,4448,RuntimeBroker.,33,SeIncreaseWorkingSetPrivilege,Present,Allocate more memory for user applications
0,4448,RuntimeBroker.,34,SeTimeZonePrivilege,Present,Adjust the time zone of the computer's internal clock
0,4448,RuntimeBroker.,35,SeCreateSymbolicLinkPrivilege,,Required to create a symbolic link
0,4448,RuntimeBroker.,36,SeDelegateSessionUserImpersonatePrivilege,,Obtain an impersonation token for another user in the same session.
0,4556,SearchApp.exe,2,SeCreateTokenPrivilege,,Create a token object
0,4556,SearchApp.exe,3,SeAssignPrimaryTokenPrivilege,,Replace a process-level token
0,4556,SearchApp.exe,4,SeLockMemoryPrivilege,,Lock pages in memory
0,4556,SearchApp.exe,5,SeIncreaseQuotaPrivilege,,Increase quotas
0,4556,SearchApp.exe,6,SeMachineAccountPrivilege,,Add workstations to the domain
0,4556,SearchApp.exe,7,SeTcbPrivilege,,Act as part of the operating system
0,4556,SearchApp.exe,8,SeSecurityPrivilege,,Manage auditing and security log
0,4556,SearchApp.exe,9,SeTakeOwnershipPrivilege,,Take ownership of files/objects
0,4556,SearchApp.exe,10,SeLoadDriverPrivilege,,Load and unload device drivers
0,4556,SearchApp.exe,11,SeSystemProfilePrivilege,,Profile system performance
0,4556,SearchApp.exe,12,SeSystemtimePrivilege,,Change the system time
0,4556,SearchApp.exe,13,SeProfileSingleProcessPrivilege,,Profile a single process
0,4556,SearchApp.exe,14,SeIncreaseBasePriorityPrivilege,,Increase scheduling priority
0,4556,SearchApp.exe,15,SeCreatePagefilePrivilege,,Create a pagefile
0,4556,SearchApp.exe,16,SeCreatePermanentPrivilege,,Create permanent shared objects
0,4556,SearchApp.exe,17,SeBackupPrivilege,,Backup files and directories
0,4556,SearchApp.exe,18,SeRestorePrivilege,,Restore files and directories
0,4556,SearchApp.exe,19,SeShutdownPrivilege,,Shut down the system
0,4556,SearchApp.exe,20,SeDebugPrivilege,,Debug programs
0,4556,SearchApp.exe,21,SeAuditPrivilege,,Generate security audits
0,4556,SearchApp.exe,22,SeSystemEnvironmentPrivilege,,Edit firmware environment values
0,4556,SearchApp.exe,23,SeChangeNotifyPrivilege,"Present,Enabled,Default",Receive notifications of changes to files or directories
0,4556,SearchApp.exe,24,SeRemoteShutdownPrivilege,,Force shutdown from a remote system
0,4556,SearchApp.exe,25,SeUndockPrivilege,,Remove computer from docking station
0,4556,SearchApp.exe,26,SeSyncAgentPrivilege,,Synch directory service data
0,4556,SearchApp.exe,27,SeEnableDelegationPrivilege,,Enable user accounts to be trusted for delegation
0,4556,SearchApp.exe,28,SeManageVolumePrivilege,,Manage the files on a volume
0,4556,SearchApp.exe,29,SeImpersonatePrivilege,,Impersonate a client after authentication
0,4556,SearchApp.exe,30,SeCreateGlobalPrivilege,,Create global objects
0,4556,SearchApp.exe,31,SeTrustedCredManAccessPrivilege,,Access Credential Manager as a trusted caller
0,4556,SearchApp.exe,32,SeRelabelPrivilege,,Modify the mandatory integrity level of an object
0,4556,SearchApp.exe,33,SeIncreaseWorkingSetPrivilege,Present,Allocate more memory for user applications
0,4556,SearchApp.exe,34,SeTimeZonePrivilege,,Adjust the time zone of the computer's internal clock
0,4556,SearchApp.exe,35,SeCreateSymbolicLinkPrivilege,,Required to create a symbolic link
0,4556,SearchApp.exe,36,SeDelegateSessionUserImpersonatePrivilege,,Obtain an impersonation token for another user in the same session.
0,4564,SearchIndexer.,2,SeCreateTokenPrivilege,,Create a token object
0,4564,SearchIndexer.,3,SeAssignPrimaryTokenPrivilege,Present,Replace a process-level token
0,4564,SearchIndexer.,4,SeLockMemoryPrivilege,Default,Lock pages in memory
0,4564,SearchIndexer.,5,SeIncreaseQuotaPrivilege,Present,Increase quotas
0,4564,SearchIndexer.,6,SeMachineAccountPrivilege,,Add workstations to the domain
0,4564,SearchIndexer.,7,SeTcbPrivilege,"Present,Enabled,Default",Act as part of the operating system
0,4564,SearchIndexer.,8,SeSecurityPrivilege,,Manage auditing and security log
0,4564,SearchIndexer.,9,SeTakeOwnershipPrivilege,,Take ownership of files/objects
0,4564,SearchIndexer.,10,SeLoadDriverPrivilege,,Load and unload device drivers
0,4564,SearchIndexer.,11,SeSystemProfilePrivilege,Default,Profile system performance
0,4564,SearchIndexer.,12,SeSystemtimePrivilege,,Change the system time
0,4564,SearchIndexer.,13,SeProfileSingleProcessPrivilege,Default,Profile a single process
0,4564,SearchIndexer.,14,SeIncreaseBasePriorityPrivilege,Default,Increase scheduling priority
0,4564,SearchIndexer.,15,SeCreatePagefilePrivilege,Default,Create a pagefile
0,4564,SearchIndexer.,16,SeCreatePermanentPrivilege,Default,Create permanent shared objects
0,4564,SearchIndexer.,17,SeBackupPrivilege,,Backup files and directories
0,4564,SearchIndexer.,18,SeRestorePrivilege,,Restore files and directories
0,4564,SearchIndexer.,19,SeShutdownPrivilege,,Shut down the system
0,4564,SearchIndexer.,20,SeDebugPrivilege,Default,Debug programs
0,4564,SearchIndexer.,21,SeAuditPrivilege,Default,Generate security audits
0,4564,SearchIndexer.,22,SeSystemEnvironmentPrivilege,,Edit firmware environment values
0,4564,SearchIndexer.,23,SeChangeNotifyPrivilege,"Present,Enabled,Default",Receive notifications of changes to files or directories
0,4564,SearchIndexer.,24,SeRemoteShutdownPrivilege,,Force shutdown from a remote system
0,4564,SearchIndexer.,25,SeUndockPrivilege,,Remove computer from docking station
0,4564,SearchIndexer.,26,SeSyncAgentPrivilege,,Synch directory service data
0,4564,SearchIndexer.,27,SeEnableDelegationPrivilege,,Enable user accounts to be trusted for delegation
0,4564,SearchIndexer.,28,SeManageVolumePrivilege,Present,Manage the files on a volume
0,4564,SearchIndexer.,29,SeImpersonatePrivilege,"Present,Enabled,Default",Impersonate a client after authentication
0,4564,SearchIndexer.,30,SeCreateGlobalPrivilege,Default,Create global objects
0,4564,SearchIndexer.,31,SeTrustedCredManAccessPrivilege,,Access Credential Manager as a trusted caller
0,4564,SearchIndexer.,32,SeRelabelPrivilege,,Modify the mandatory integrity level of an object
0,4564,SearchIndexer.,33,SeIncreaseWorkingSetPrivilege,Default,Allocate more memory for user applications
0,4564,SearchIndexer.,34,SeTimeZonePrivilege,Default,Adjust the time zone of the computer's internal clock
0,4564,SearchIndexer.,35,SeCreateSymbolicLinkPrivilege,Default,Required to create a symbolic link
0,4564,SearchIndexer.,36,SeDelegateSessionUserImpersonatePrivilege,Default,Obtain an impersonation token for another user in the same session.
0,4668,RuntimeBroker.,2,SeCreateTokenPrivilege,,Create a token object
0,4668,RuntimeBroker.,3,SeAssignPrimaryTokenPrivilege,,Replace a process-level token
0,4668,RuntimeBroker.,4,SeLockMemoryPrivilege,,Lock pages in memory
0,4668,RuntimeBroker.,5,SeIncreaseQuotaPrivilege,,Increase quotas
0,4668,RuntimeBroker.,6,SeMachineAccountPrivilege,,Add workstations to the domain
0,4668,RuntimeBroker.,7,SeTcbPrivilege,,Act as part of the operating system
0,4668,RuntimeBroker.,8,SeSecurityPrivilege,,Manage auditing and security log
0,4668,RuntimeBroker.,9,SeTakeOwnershipPrivilege,,Take ownership of files/objects
0,4668,RuntimeBroker.,10,SeLoadDriverPrivilege,,Load and unload device drivers
0,4668,RuntimeBroker.,11,SeSystemProfilePrivilege,,Profile system performance
0,4668,RuntimeBroker.,12,SeSystemtimePrivilege,,Change the system time
0,4668,RuntimeBroker.,13,SeProfileSingleProcessPrivilege,,Profile a single process
0,4668,RuntimeBroker.,14,SeIncreaseBasePriorityPrivilege,,Increase scheduling priority
0,4668,RuntimeBroker.,15,SeCreatePagefilePrivilege,,Create a pagefile
0,4668,RuntimeBroker.,16,SeCreatePermanentPrivilege,,Create permanent shared objects
0,4668,RuntimeBroker.,17,SeBackupPrivilege,,Backup files and directories
0,4668,RuntimeBroker.,18,SeRestorePrivilege,,Restore files and directories
0,4668,RuntimeBroker.,19,SeShutdownPrivilege,Present,Shut down the system
0,4668,RuntimeBroker.,20,SeDebugPrivilege,,Debug programs
0,4668,RuntimeBroker.,21,SeAuditPrivilege,,Generate security audits
0,4668,RuntimeBroker.,22,SeSystemEnvironmentPrivilege,,Edit firmware environment values
0,4668,RuntimeBroker.,23,SeChangeNotifyPrivilege,"Present,Enabled,Default",Receive notifications of changes to files or directories
0,4668,RuntimeBroker.,24,SeRemoteShutdownPrivilege,,Force shutdown from a remote system
0,4668,RuntimeBroker.,25,SeUndockPrivilege,Present,Remove computer from docking station
0,4668,RuntimeBroker.,26,SeSyncAgentPrivilege,,Synch directory service data
0,4668,RuntimeBroker.,27,SeEnableDelegationPrivilege,,Enable user accounts to be trusted for delegation
0,4668,RuntimeBroker.,28,SeManageVolumePrivilege,,Manage the files on a volume
0,4668,RuntimeBroker.,29,SeImpersonatePrivilege,,Impersonate a client after authentication
0,4668,RuntimeBroker.,30,SeCreateGlobalPrivilege,Default,Create global objects
0,4668,RuntimeBroker.,31,SeTrustedCredManAccessPrivilege,,Access Credential Manager as a trusted caller
0,4668,RuntimeBroker.,32,SeRelabelPrivilege,,Modify the mandatory integrity level of an object
0,4668,RuntimeBroker.,33,SeIncreaseWorkingSetPrivilege,Present,Allocate more memory for user applications
0,4668,RuntimeBroker.,34,SeTimeZonePrivilege,Present,Adjust the time zone of the computer's internal clock
0,4668,RuntimeBroker.,35,SeCreateSymbolicLinkPrivilege,,Required to create a symbolic link
0,4668,RuntimeBroker.,36,SeDelegateSessionUserImpersonatePrivilege,,Obtain an impersonation token for another user in the same session.
0,1816,RuntimeBroker.,2,SeCreateTokenPrivilege,,Create a token object
0,1816,RuntimeBroker.,3,SeAssignPrimaryTokenPrivilege,,Replace a process-level token
0,1816,RuntimeBroker.,4,SeLockMemoryPrivilege,,Lock pages in memory
0,1816,RuntimeBroker.,5,SeIncreaseQuotaPrivilege,,Increase quotas
0,1816,RuntimeBroker.,6,SeMachineAccountPrivilege,,Add workstations to the domain
0,1816,RuntimeBroker.,7,SeTcbPrivilege,,Act as part of the operating system
0,1816,RuntimeBroker.,8,SeSecurityPrivilege,,Manage auditing and security log
0,1816,RuntimeBroker.,9,SeTakeOwnershipPrivilege,,Take ownership of files/objects
0,1816,RuntimeBroker.,10,SeLoadDriverPrivilege,,Load and unload device drivers
0,1816,RuntimeBroker.,11,SeSystemProfilePrivilege,,Profile system performance
0,1816,RuntimeBroker.,12,SeSystemtimePrivilege,,Change the system time
0,1816,RuntimeBroker.,13,SeProfileSingleProcessPrivilege,,Profile a single process
0,1816,RuntimeBroker.,14,SeIncreaseBasePriorityPrivilege,,Increase scheduling priority
0,1816,RuntimeBroker.,15,SeCreatePagefilePrivilege,,Create a pagefile
0,1816,RuntimeBroker.,16,SeCreatePermanentPrivilege,,Create permanent shared objects
0,1816,RuntimeBroker.,17,SeBackupPrivilege,,Backup files and directories
0,1816,RuntimeBroker.,18,SeRestorePrivilege,,Restore files and directories
0,1816,RuntimeBroker.,19,SeShutdownPrivilege,Present,Shut down the system
0,1816,RuntimeBroker.,20,SeDebugPrivilege,,Debug programs
0,1816,RuntimeBroker.,21,SeAuditPrivilege,,Generate security audits
0,1816,RuntimeBroker.,22,SeSystemEnvironmentPrivilege,,Edit firmware environment values
0,1816,RuntimeBroker.,23,SeChangeNotifyPrivilege,"Present,Enabled,Default",Receive notifications of changes to files or directories
0,1816,RuntimeBroker.,24,SeRemoteShutdownPrivilege,,Force shutdown from a remote system
0,1816,RuntimeBroker.,25,SeUndockPrivilege,Present,Remove computer from docking station
0,1816,RuntimeBroker.,26,SeSyncAgentPrivilege,,Synch directory service data
0,1816,RuntimeBroker.,27,SeEnableDelegationPrivilege,,Enable user accounts to be trusted for delegation
0,1816,RuntimeBroker.,28,SeManageVolumePrivilege,,Manage the files on a volume
0,1816,RuntimeBroker.,29,SeImpersonatePrivilege,,Impersonate a client after authentication
0,1816,RuntimeBroker.,30,SeCreateGlobalPrivilege,Default,Create global objects
0,1816,RuntimeBroker.,31,SeTrustedCredManAccessPrivilege,,Access Credential Manager as a trusted caller
0,1816,RuntimeBroker.,32,SeRelabelPrivilege,,Modify the mandatory integrity level of an object
0,1816,RuntimeBroker.,33,SeIncreaseWorkingSetPrivilege,Present,Allocate more memory for user applications
0,1816,RuntimeBroker.,34,SeTimeZonePrivilege,Present,Adjust the time zone of the computer's internal clock
0,1816,RuntimeBroker.,35,SeCreateSymbolicLinkPrivilege,,Required to create a symbolic link
0,1816,RuntimeBroker.,36,SeDelegateSessionUserImpersonatePrivilege,,Obtain an impersonation token for another user in the same session.
0,4220,svchost.exe,2,SeCreateTokenPrivilege,,Create a token object
0,4220,svchost.exe,3,SeAssignPrimaryTokenPrivilege,,Replace a process-level token
0,4220,svchost.exe,4,SeLockMemoryPrivilege,,Lock pages in memory
0,4220,svchost.exe,5,SeIncreaseQuotaPrivilege,,Increase quotas
0,4220,svchost.exe,6,SeMachineAccountPrivilege,,Add workstations to the domain
0,4220,svchost.exe,7,SeTcbPrivilege,,Act as part of the operating system
0,4220,svchost.exe,8,SeSecurityPrivilege,,Manage auditing and security log
0,4220,svchost.exe,9,SeTakeOwnershipPrivilege,,Take ownership of files/objects
0,4220,svchost.exe,10,SeLoadDriverPrivilege,,Load and unload device drivers
0,4220,svchost.exe,11,SeSystemProfilePrivilege,,Profile system performance
0,4220,svchost.exe,12,SeSystemtimePrivilege,,Change the system time
0,4220,svchost.exe,13,SeProfileSingleProcessPrivilege,,Profile a single process
0,4220,svchost.exe,14,SeIncreaseBasePriorityPrivilege,,Increase scheduling priority
0,4220,svchost.exe,15,SeCreatePagefilePrivilege,,Create a pagefile
0,4220,svchost.exe,16,SeCreatePermanentPrivilege,,Create permanent shared objects
0,4220,svchost.exe,17,SeBackupPrivilege,,Backup files and directories
0,4220,svchost.exe,18,SeRestorePrivilege,,Restore files and directories
0,4220,svchost.exe,19,SeShutdownPrivilege,,Shut down the system
0,4220,svchost.exe,20,SeDebugPrivilege,,Debug programs
0,4220,svchost.exe,21,SeAuditPrivilege,,Generate security audits
0,4220,svchost.exe,22,SeSystemEnvironmentPrivilege,,Edit firmware environment values
0,4220,svchost.exe,23,SeChangeNotifyPrivilege,"Present,Enabled,Default",Receive notifications of changes to files or directories
0,4220,svchost.exe,24,SeRemoteShutdownPrivilege,,Force shutdown from a remote system
0,4220,svchost.exe,25,SeUndockPrivilege,,Remove computer from docking station
0,4220,svchost.exe,26,SeSyncAgentPrivilege,,Synch directory service data
0,4220,svchost.exe,27,SeEnableDelegationPrivilege,,Enable user accounts to be trusted for delegation
0,4220,svchost.exe,28,SeManageVolumePrivilege,,Manage the files on a volume
0,4220,svchost.exe,29,SeImpersonatePrivilege,Default,Impersonate a client after authentication
0,4220,svchost.exe,30,SeCreateGlobalPrivilege,"Present,Enabled,Default",Create global objects
0,4220,svchost.exe,31,SeTrustedCredManAccessPrivilege,,Access Credential Manager as a trusted caller
0,4220,svchost.exe,32,SeRelabelPrivilege,,Modify the mandatory integrity level of an object
0,4220,svchost.exe,33,SeIncreaseWorkingSetPrivilege,,Allocate more memory for user applications
0,4220,svchost.exe,34,SeTimeZonePrivilege,,Adjust the time zone of the computer's internal clock
0,4220,svchost.exe,35,SeCreateSymbolicLinkPrivilege,,Required to create a symbolic link
0,4220,svchost.exe,36,SeDelegateSessionUserImpersonatePrivilege,,Obtain an impersonation token for another user in the same session.
0,4872,SecurityHealth,2,SeCreateTokenPrivilege,,Create a token object
0,4872,SecurityHealth,3,SeAssignPrimaryTokenPrivilege,,Replace a process-level token
0,4872,SecurityHealth,4,SeLockMemoryPrivilege,,Lock pages in memory
0,4872,SecurityHealth,5,SeIncreaseQuotaPrivilege,,Increase quotas
0,4872,SecurityHealth,6,SeMachineAccountPrivilege,,Add workstations to the domain
0,4872,SecurityHealth,7,SeTcbPrivilege,,Act as part of the operating system
0,4872,SecurityHealth,8,SeSecurityPrivilege,,Manage auditing and security log
0,4872,SecurityHealth,9,SeTakeOwnershipPrivilege,,Take ownership of files/objects
0,4872,SecurityHealth,10,SeLoadDriverPrivilege,,Load and unload device drivers
0,4872,SecurityHealth,11,SeSystemProfilePrivilege,,Profile system performance
0,4872,SecurityHealth,12,SeSystemtimePrivilege,,Change the system time
0,4872,SecurityHealth,13,SeProfileSingleProcessPrivilege,,Profile a single process
0,4872,SecurityHealth,14,SeIncreaseBasePriorityPrivilege,,Increase scheduling priority
0,4872,SecurityHealth,15,SeCreatePagefilePrivilege,,Create a pagefile
0,4872,SecurityHealth,16,SeCreatePermanentPrivilege,,Create permanent shared objects
0,4872,SecurityHealth,17,SeBackupPrivilege,,Backup files and directories
0,4872,SecurityHealth,18,SeRestorePrivilege,,Restore files and directories
0,4872,SecurityHealth,19,SeShutdownPrivilege,Present,Shut down the system
0,4872,SecurityHealth,20,SeDebugPrivilege,,Debug programs
0,4872,SecurityHealth,21,SeAuditPrivilege,,Generate security audits
0,4872,SecurityHealth,22,SeSystemEnvironmentPrivilege,,Edit firmware environment values
0,4872,SecurityHealth,23,SeChangeNotifyPrivilege,"Present,Enabled,Default",Receive notifications of changes to files or directories
0,4872,SecurityHealth,24,SeRemoteShutdownPrivilege,,Force shutdown from a remote system
0,4872,SecurityHealth,25,SeUndockPrivilege,Present,Remove computer from docking station
0,4872,SecurityHealth,26,SeSyncAgentPrivilege,,Synch directory service data
0,4872,SecurityHealth,27,SeEnableDelegationPrivilege,,Enable user accounts to be trusted for delegation
0,4872,SecurityHealth,28,SeManageVolumePrivilege,,Manage the files on a volume
0,4872,SecurityHealth,29,SeImpersonatePrivilege,,Impersonate a client after authentication
0,4872,SecurityHealth,30,SeCreateGlobalPrivilege,Default,Create global objects
0,4872,SecurityHealth,31,SeTrustedCredManAccessPrivilege,,Access Credential Manager as a trusted caller
0,4872,SecurityHealth,32,SeRelabelPrivilege,,Modify the mandatory integrity level of an object
0,4872,SecurityHealth,33,SeIncreaseWorkingSetPrivilege,Present,Allocate more memory for user applications
0,4872,SecurityHealth,34,SeTimeZonePrivilege,Present,Adjust the time zone of the computer's internal clock
0,4872,SecurityHealth,35,SeCreateSymbolicLinkPrivilege,,Required to create a symbolic link
0,4872,SecurityHealth,36,SeDelegateSessionUserImpersonatePrivilege,,Obtain an impersonation token for another user in the same session.
0,1752,SecurityHealth,2,SeCreateTokenPrivilege,,Create a token object
0,1752,SecurityHealth,3,SeAssignPrimaryTokenPrivilege,Present,Replace a process-level token
0,1752,SecurityHealth,4,SeLockMemoryPrivilege,Default,Lock pages in memory
0,1752,SecurityHealth,5,SeIncreaseQuotaPrivilege,,Increase quotas
0,1752,SecurityHealth,6,SeMachineAccountPrivilege,,Add workstations to the domain
0,1752,SecurityHealth,7,SeTcbPrivilege,"Present,Enabled,Default",Act as part of the operating system
0,1752,SecurityHealth,8,SeSecurityPrivilege,Present,Manage auditing and security log
0,1752,SecurityHealth,9,SeTakeOwnershipPrivilege,,Take ownership of files/objects
0,1752,SecurityHealth,10,SeLoadDriverPrivilege,,Load and unload device drivers
0,1752,SecurityHealth,11,SeSystemProfilePrivilege,Default,Profile system performance
0,1752,SecurityHealth,12,SeSystemtimePrivilege,,Change the system time
0,1752,SecurityHealth,13,SeProfileSingleProcessPrivilege,Default,Profile a single process
0,1752,SecurityHealth,14,SeIncreaseBasePriorityPrivilege,Default,Increase scheduling priority
0,1752,SecurityHealth,15,SeCreatePagefilePrivilege,Default,Create a pagefile
0,1752,SecurityHealth,16,SeCreatePermanentPrivilege,Default,Create permanent shared objects
0,1752,SecurityHealth,17,SeBackupPrivilege,Present,Backup files and directories
0,1752,SecurityHealth,18,SeRestorePrivilege,Present,Restore files and directories
0,1752,SecurityHealth,19,SeShutdownPrivilege,Present,Shut down the system
0,1752,SecurityHealth,20,SeDebugPrivilege,"Present,Enabled,Default",Debug programs
0,1752,SecurityHealth,21,SeAuditPrivilege,Default,Generate security audits
0,1752,SecurityHealth,22,SeSystemEnvironmentPrivilege,Present,Edit firmware environment values
0,1752,SecurityHealth,23,SeChangeNotifyPrivilege,"Present,Enabled,Default",Receive notifications of changes to files or directories
0,1752,SecurityHealth,24,SeRemoteShutdownPrivilege,,Force shutdown from a remote system
0,1752,SecurityHealth,25,SeUndockPrivilege,,Remove computer from docking station
0,1752,SecurityHealth,26,SeSyncAgentPrivilege,,Synch directory service data
0,1752,SecurityHealth,27,SeEnableDelegationPrivilege,,Enable user accounts to be trusted for delegation
0,1752,SecurityHealth,28,SeManageVolumePrivilege,,Manage the files on a volume
0,1752,SecurityHealth,29,SeImpersonatePrivilege,"Present,Enabled,Default",Impersonate a client after authentication
0,1752,SecurityHealth,30,SeCreateGlobalPrivilege,Default,Create global objects
0,1752,SecurityHealth,31,SeTrustedCredManAccessPrivilege,,Access Credential Manager as a trusted caller
0,1752,SecurityHealth,32,SeRelabelPrivilege,,Modify the mandatory integrity level of an object
0,1752,SecurityHealth,33,SeIncreaseWorkingSetPrivilege,Default,Allocate more memory for user applications
0,1752,SecurityHealth,34,SeTimeZonePrivilege,Default,Adjust the time zone of the computer's internal clock
0,1752,SecurityHealth,35,SeCreateSymbolicLinkPrivilege,Default,Required to create a symbolic link
0,1752,SecurityHealth,36,SeDelegateSessionUserImpersonatePrivilege,Default,Obtain an impersonation token for another user in the same session.
0,5236,vmtoolsd.exe,2,SeCreateTokenPrivilege,,Create a token object
0,5236,vmtoolsd.exe,3,SeAssignPrimaryTokenPrivilege,,Replace a process-level token
0,5236,vmtoolsd.exe,4,SeLockMemoryPrivilege,,Lock pages in memory
0,5236,vmtoolsd.exe,5,SeIncreaseQuotaPrivilege,,Increase quotas
0,5236,vmtoolsd.exe,6,SeMachineAccountPrivilege,,Add workstations to the domain
0,5236,vmtoolsd.exe,7,SeTcbPrivilege,,Act as part of the operating system
0,5236,vmtoolsd.exe,8,SeSecurityPrivilege,,Manage auditing and security log
0,5236,vmtoolsd.exe,9,SeTakeOwnershipPrivilege,,Take ownership of files/objects
0,5236,vmtoolsd.exe,10,SeLoadDriverPrivilege,,Load and unload device drivers
0,5236,vmtoolsd.exe,11,SeSystemProfilePrivilege,,Profile system performance
0,5236,vmtoolsd.exe,12,SeSystemtimePrivilege,,Change the system time
0,5236,vmtoolsd.exe,13,SeProfileSingleProcessPrivilege,,Profile a single process
0,5236,vmtoolsd.exe,14,SeIncreaseBasePriorityPrivilege,,Increase scheduling priority
0,5236,vmtoolsd.exe,15,SeCreatePagefilePrivilege,,Create a pagefile
0,5236,vmtoolsd.exe,16,SeCreatePermanentPrivilege,,Create permanent shared objects
0,5236,vmtoolsd.exe,17,SeBackupPrivilege,,Backup files and directories
0,5236,vmtoolsd.exe,18,SeRestorePrivilege,,Restore files and directories
0,5236,vmtoolsd.exe,19,SeShutdownPrivilege,Present,Shut down the system
0,5236,vmtoolsd.exe,20,SeDebugPrivilege,,Debug programs
0,5236,vmtoolsd.exe,21,SeAuditPrivilege,,Generate security audits
0,5236,vmtoolsd.exe,22,SeSystemEnvironmentPrivilege,,Edit firmware environment values
0,5236,vmtoolsd.exe,23,SeChangeNotifyPrivilege,"Present,Enabled,Default",Receive notifications of changes to files or directories
0,5236,vmtoolsd.exe,24,SeRemoteShutdownPrivilege,,Force shutdown from a remote system
0,5236,vmtoolsd.exe,25,SeUndockPrivilege,Present,Remove computer from docking station
0,5236,vmtoolsd.exe,26,SeSyncAgentPrivilege,,Synch directory service data
0,5236,vmtoolsd.exe,27,SeEnableDelegationPrivilege,,Enable user accounts to be trusted for delegation
0,5236,vmtoolsd.exe,28,SeManageVolumePrivilege,,Manage the files on a volume
0,5236,vmtoolsd.exe,29,SeImpersonatePrivilege,,Impersonate a client after authentication
0,5236,vmtoolsd.exe,30,SeCreateGlobalPrivilege,Default,Create global objects
0,5236,vmtoolsd.exe,31,SeTrustedCredManAccessPrivilege,,Access Credential Manager as a trusted caller
0,5236,vmtoolsd.exe,32,SeRelabelPrivilege,,Modify the mandatory integrity level of an object
0,5236,vmtoolsd.exe,33,SeIncreaseWorkingSetPrivilege,Present,Allocate more memory for user applications
0,5236,vmtoolsd.exe,34,SeTimeZonePrivilege,Present,Adjust the time zone of the computer's internal clock
0,5236,vmtoolsd.exe,35,SeCreateSymbolicLinkPrivilege,,Required to create a symbolic link
0,5236,vmtoolsd.exe,36,SeDelegateSessionUserImpersonatePrivilege,,Obtain an impersonation token for another user in the same session.
0,5332,TextInputHost.,2,SeCreateTokenPrivilege,,Create a token object
0,5332,TextInputHost.,3,SeAssignPrimaryTokenPrivilege,,Replace a process-level token
0,5332,TextInputHost.,4,SeLockMemoryPrivilege,,Lock pages in memory
0,5332,TextInputHost.,5,SeIncreaseQuotaPrivilege,,Increase quotas
0,5332,TextInputHost.,6,SeMachineAccountPrivilege,,Add workstations to the domain
0,5332,TextInputHost.,7,SeTcbPrivilege,,Act as part of the operating system
0,5332,TextInputHost.,8,SeSecurityPrivilege,,Manage auditing and security log
0,5332,TextInputHost.,9,SeTakeOwnershipPrivilege,,Take ownership of files/objects
0,5332,TextInputHost.,10,SeLoadDriverPrivilege,,Load and unload device drivers
0,5332,TextInputHost.,11,SeSystemProfilePrivilege,,Profile system performance
0,5332,TextInputHost.,12,SeSystemtimePrivilege,,Change the system time
0,5332,TextInputHost.,13,SeProfileSingleProcessPrivilege,,Profile a single process
0,5332,TextInputHost.,14,SeIncreaseBasePriorityPrivilege,,Increase scheduling priority
0,5332,TextInputHost.,15,SeCreatePagefilePrivilege,,Create a pagefile
0,5332,TextInputHost.,16,SeCreatePermanentPrivilege,,Create permanent shared objects
0,5332,TextInputHost.,17,SeBackupPrivilege,,Backup files and directories
0,5332,TextInputHost.,18,SeRestorePrivilege,,Restore files and directories
0,5332,TextInputHost.,19,SeShutdownPrivilege,,Shut down the system
0,5332,TextInputHost.,20,SeDebugPrivilege,,Debug programs
0,5332,TextInputHost.,21,SeAuditPrivilege,,Generate security audits
0,5332,TextInputHost.,22,SeSystemEnvironmentPrivilege,,Edit firmware environment values
0,5332,TextInputHost.,23,SeChangeNotifyPrivilege,"Present,Enabled,Default",Receive notifications of changes to files or directories
0,5332,TextInputHost.,24,SeRemoteShutdownPrivilege,,Force shutdown from a remote system
0,5332,TextInputHost.,25,SeUndockPrivilege,,Remove computer from docking station
0,5332,TextInputHost.,26,SeSyncAgentPrivilege,,Synch directory service data
0,5332,TextInputHost.,27,SeEnableDelegationPrivilege,,Enable user accounts to be trusted for delegation
0,5332,TextInputHost.,28,SeManageVolumePrivilege,,Manage the files on a volume
0,5332,TextInputHost.,29,SeImpersonatePrivilege,,Impersonate a client after authentication
0,5332,TextInputHost.,30,SeCreateGlobalPrivilege,,Create global objects
0,5332,TextInputHost.,31,SeTrustedCredManAccessPrivilege,,Access Credential Manager as a trusted caller
0,5332,TextInputHost.,32,SeRelabelPrivilege,,Modify the mandatory integrity level of an object
0,5332,TextInputHost.,33,SeIncreaseWorkingSetPrivilege,Present,Allocate more memory for user applications
0,5332,TextInputHost.,34,SeTimeZonePrivilege,,Adjust the time zone of the computer's internal clock
0,5332,TextInputHost.,35,SeCreateSymbolicLinkPrivilege,,Required to create a symbolic link
0,5332,TextInputHost.,36,SeDelegateSessionUserImpersonatePrivilege,,Obtain an impersonation token for another user in the same session.
0,5340,OneDrive.exe,2,SeCreateTokenPrivilege,,Create a token object
0,5340,OneDrive.exe,3,SeAssignPrimaryTokenPrivilege,,Replace a process-level token
0,5340,OneDrive.exe,4,SeLockMemoryPrivilege,,Lock pages in memory
0,5340,OneDrive.exe,5,SeIncreaseQuotaPrivilege,,Increase quotas
0,5340,OneDrive.exe,6,SeMachineAccountPrivilege,,Add workstations to the domain
0,5340,OneDrive.exe,7,SeTcbPrivilege,,Act as part of the operating system
0,5340,OneDrive.exe,8,SeSecurityPrivilege,,Manage auditing and security log
0,5340,OneDrive.exe,9,SeTakeOwnershipPrivilege,,Take ownership of files/objects
0,5340,OneDrive.exe,10,SeLoadDriverPrivilege,,Load and unload device drivers
0,5340,OneDrive.exe,11,SeSystemProfilePrivilege,,Profile system performance
0,5340,OneDrive.exe,12,SeSystemtimePrivilege,,Change the system time
0,5340,OneDrive.exe,13,SeProfileSingleProcessPrivilege,,Profile a single process
0,5340,OneDrive.exe,14,SeIncreaseBasePriorityPrivilege,,Increase scheduling priority
0,5340,OneDrive.exe,15,SeCreatePagefilePrivilege,,Create a pagefile
0,5340,OneDrive.exe,16,SeCreatePermanentPrivilege,,Create permanent shared objects
0,5340,OneDrive.exe,17,SeBackupPrivilege,,Backup files and directories
0,5340,OneDrive.exe,18,SeRestorePrivilege,,Restore files and directories
0,5340,OneDrive.exe,19,SeShutdownPrivilege,Present,Shut down the system
0,5340,OneDrive.exe,20,SeDebugPrivilege,,Debug programs
0,5340,OneDrive.exe,21,SeAuditPrivilege,,Generate security audits
0,5340,OneDrive.exe,22,SeSystemEnvironmentPrivilege,,Edit firmware environment values
0,5340,OneDrive.exe,23,SeChangeNotifyPrivilege,"Present,Enabled,Default",Receive notifications of changes to files or directories
0,5340,OneDrive.exe,24,SeRemoteShutdownPrivilege,,Force shutdown from a remote system
0,5340,OneDrive.exe,25,SeUndockPrivilege,Present,Remove computer from docking station
0,5340,OneDrive.exe,26,SeSyncAgentPrivilege,,Synch directory service data
0,5340,OneDrive.exe,27,SeEnableDelegationPrivilege,,Enable user accounts to be trusted for delegation
0,5340,OneDrive.exe,28,SeManageVolumePrivilege,,Manage the files on a volume
0,5340,OneDrive.exe,29,SeImpersonatePrivilege,,Impersonate a client after authentication
0,5340,OneDrive.exe,30,SeCreateGlobalPrivilege,Default,Create global objects
0,5340,OneDrive.exe,31,SeTrustedCredManAccessPrivilege,,Access Credential Manager as a trusted caller
0,5340,OneDrive.exe,32,SeRelabelPrivilege,,Modify the mandatory integrity level of an object
0,5340,OneDrive.exe,33,SeIncreaseWorkingSetPrivilege,Present,Allocate more memory for user applications
0,5340,OneDrive.exe,34,SeTimeZonePrivilege,Present,Adjust the time zone of the computer's internal clock
0,5340,OneDrive.exe,35,SeCreateSymbolicLinkPrivilege,,Required to create a symbolic link
0,5340,OneDrive.exe,36,SeDelegateSessionUserImpersonatePrivilege,,Obtain an impersonation token for another user in the same session.
0,5560,dllhost.exe,2,SeCreateTokenPrivilege,,Create a token object
0,5560,dllhost.exe,3,SeAssignPrimaryTokenPrivilege,,Replace a process-level token
0,5560,dllhost.exe,4,SeLockMemoryPrivilege,,Lock pages in memory
0,5560,dllhost.exe,5,SeIncreaseQuotaPrivilege,,Increase quotas
0,5560,dllhost.exe,6,SeMachineAccountPrivilege,,Add workstations to the domain
0,5560,dllhost.exe,7,SeTcbPrivilege,,Act as part of the operating system
0,5560,dllhost.exe,8,SeSecurityPrivilege,,Manage auditing and security log
0,5560,dllhost.exe,9,SeTakeOwnershipPrivilege,,Take ownership of files/objects
0,5560,dllhost.exe,10,SeLoadDriverPrivilege,,Load and unload device drivers
0,5560,dllhost.exe,11,SeSystemProfilePrivilege,,Profile system performance
0,5560,dllhost.exe,12,SeSystemtimePrivilege,,Change the system time
0,5560,dllhost.exe,13,SeProfileSingleProcessPrivilege,,Profile a single process
0,5560,dllhost.exe,14,SeIncreaseBasePriorityPrivilege,,Increase scheduling priority
0,5560,dllhost.exe,15,SeCreatePagefilePrivilege,,Create a pagefile
0,5560,dllhost.exe,16,SeCreatePermanentPrivilege,,Create permanent shared objects
0,5560,dllhost.exe,17,SeBackupPrivilege,,Backup files and directories
0,5560,dllhost.exe,18,SeRestorePrivilege,,Restore files and directories
0,5560,dllhost.exe,19,SeShutdownPrivilege,Present,Shut down the system
0,5560,dllhost.exe,20,SeDebugPrivilege,,Debug programs
0,5560,dllhost.exe,21,SeAuditPrivilege,,Generate security audits
0,5560,dllhost.exe,22,SeSystemEnvironmentPrivilege,,Edit firmware environment values
0,5560,dllhost.exe,23,SeChangeNotifyPrivilege,"Present,Enabled,Default",Receive notifications of changes to files or directories
0,5560,dllhost.exe,24,SeRemoteShutdownPrivilege,,Force shutdown from a remote system
0,5560,dllhost.exe,25,SeUndockPrivilege,Present,Remove computer from docking station
0,5560,dllhost.exe,26,SeSyncAgentPrivilege,,Synch directory service data
0,5560,dllhost.exe,27,SeEnableDelegationPrivilege,,Enable user accounts to be trusted for delegation
0,5560,dllhost.exe,28,SeManageVolumePrivilege,,Manage the files on a volume
0,5560,dllhost.exe,29,SeImpersonatePrivilege,,Impersonate a client after authentication
0,5560,dllhost.exe,30,SeCreateGlobalPrivilege,Default,Create global objects
0,5560,dllhost.exe,31,SeTrustedCredManAccessPrivilege,,Access Credential Manager as a trusted caller
0,5560,dllhost.exe,32,SeRelabelPrivilege,,Modify the mandatory integrity level of an object
0,5560,dllhost.exe,33,SeIncreaseWorkingSetPrivilege,Present,Allocate more memory for user applications
0,5560,dllhost.exe,34,SeTimeZonePrivilege,Present,Adjust the time zone of the computer's internal clock
0,5560,dllhost.exe,35,SeCreateSymbolicLinkPrivilege,,Required to create a symbolic link
0,5560,dllhost.exe,36,SeDelegateSessionUserImpersonatePrivilege,,Obtain an impersonation token for another user in the same session.
0,5880,ApplicationFra,2,SeCreateTokenPrivilege,,Create a token object
0,5880,ApplicationFra,3,SeAssignPrimaryTokenPrivilege,,Replace a process-level token
0,5880,ApplicationFra,4,SeLockMemoryPrivilege,,Lock pages in memory
0,5880,ApplicationFra,5,SeIncreaseQuotaPrivilege,,Increase quotas
0,5880,ApplicationFra,6,SeMachineAccountPrivilege,,Add workstations to the domain
0,5880,ApplicationFra,7,SeTcbPrivilege,,Act as part of the operating system
0,5880,ApplicationFra,8,SeSecurityPrivilege,,Manage auditing and security log
0,5880,ApplicationFra,9,SeTakeOwnershipPrivilege,,Take ownership of files/objects
0,5880,ApplicationFra,10,SeLoadDriverPrivilege,,Load and unload device drivers
0,5880,ApplicationFra,11,SeSystemProfilePrivilege,,Profile system performance
0,5880,ApplicationFra,12,SeSystemtimePrivilege,,Change the system time
0,5880,ApplicationFra,13,SeProfileSingleProcessPrivilege,,Profile a single process
0,5880,ApplicationFra,14,SeIncreaseBasePriorityPrivilege,,Increase scheduling priority
0,5880,ApplicationFra,15,SeCreatePagefilePrivilege,,Create a pagefile
0,5880,ApplicationFra,16,SeCreatePermanentPrivilege,,Create permanent shared objects
0,5880,ApplicationFra,17,SeBackupPrivilege,,Backup files and directories
0,5880,ApplicationFra,18,SeRestorePrivilege,,Restore files and directories
0,5880,ApplicationFra,19,SeShutdownPrivilege,Present,Shut down the system
0,5880,ApplicationFra,20,SeDebugPrivilege,,Debug programs
0,5880,ApplicationFra,21,SeAuditPrivilege,,Generate security audits
0,5880,ApplicationFra,22,SeSystemEnvironmentPrivilege,,Edit firmware environment values
0,5880,ApplicationFra,23,SeChangeNotifyPrivilege,"Present,Enabled,Default",Receive notifications of changes to files or directories
0,5880,ApplicationFra,24,SeRemoteShutdownPrivilege,,Force shutdown from a remote system
0,5880,ApplicationFra,25,SeUndockPrivilege,Present,Remove computer from docking station
0,5880,ApplicationFra,26,SeSyncAgentPrivilege,,Synch directory service data
0,5880,ApplicationFra,27,SeEnableDelegationPrivilege,,Enable user accounts to be trusted for delegation
0,5880,ApplicationFra,28,SeManageVolumePrivilege,,Manage the files on a volume
0,5880,ApplicationFra,29,SeImpersonatePrivilege,,Impersonate a client after authentication
0,5880,ApplicationFra,30,SeCreateGlobalPrivilege,Default,Create global objects
0,5880,ApplicationFra,31,SeTrustedCredManAccessPrivilege,,Access Credential Manager as a trusted caller
0,5880,ApplicationFra,32,SeRelabelPrivilege,,Modify the mandatory integrity level of an object
0,5880,ApplicationFra,33,SeIncreaseWorkingSetPrivilege,Present,Allocate more memory for user applications
0,5880,ApplicationFra,34,SeTimeZonePrivilege,Present,Adjust the time zone of the computer's internal clock
0,5880,ApplicationFra,35,SeCreateSymbolicLinkPrivilege,,Required to create a symbolic link
0,5880,ApplicationFra,36,SeDelegateSessionUserImpersonatePrivilege,,Obtain an impersonation token for another user in the same session.
0,6696,msedgewebview2,2,SeCreateTokenPrivilege,,Create a token object
0,6696,msedgewebview2,3,SeAssignPrimaryTokenPrivilege,,Replace a process-level token
0,6696,msedgewebview2,4,SeLockMemoryPrivilege,,Lock pages in memory
0,6696,msedgewebview2,5,SeIncreaseQuotaPrivilege,,Increase quotas
0,6696,msedgewebview2,6,SeMachineAccountPrivilege,,Add workstations to the domain
0,6696,msedgewebview2,7,SeTcbPrivilege,,Act as part of the operating system
0,6696,msedgewebview2,8,SeSecurityPrivilege,,Manage auditing and security log
0,6696,msedgewebview2,9,SeTakeOwnershipPrivilege,,Take ownership of files/objects
0,6696,msedgewebview2,10,SeLoadDriverPrivilege,,Load and unload device drivers
0,6696,msedgewebview2,11,SeSystemProfilePrivilege,,Profile system performance
0,6696,msedgewebview2,12,SeSystemtimePrivilege,,Change the system time
0,6696,msedgewebview2,13,SeProfileSingleProcessPrivilege,,Profile a single process
0,6696,msedgewebview2,14,SeIncreaseBasePriorityPrivilege,,Increase scheduling priority
0,6696,msedgewebview2,15,SeCreatePagefilePrivilege,,Create a pagefile
0,6696,msedgewebview2,16,SeCreatePermanentPrivilege,,Create permanent shared objects
0,6696,msedgewebview2,17,SeBackupPrivilege,,Backup files and directories
0,6696,msedgewebview2,18,SeRestorePrivilege,,Restore files and directories
0,6696,msedgewebview2,19,SeShutdownPrivilege,Present,Shut down the system
0,6696,msedgewebview2,20,SeDebugPrivilege,,Debug programs
0,6696,msedgewebview2,21,SeAuditPrivilege,,Generate security audits
0,6696,msedgewebview2,22,SeSystemEnvironmentPrivilege,,Edit firmware environment values
0,6696,msedgewebview2,23,SeChangeNotifyPrivilege,"Present,Enabled,Default",Receive notifications of changes to files or directories
0,6696,msedgewebview2,24,SeRemoteShutdownPrivilege,,Force shutdown from a remote system
0,6696,msedgewebview2,25,SeUndockPrivilege,Present,Remove computer from docking station
0,6696,msedgewebview2,26,SeSyncAgentPrivilege,,Synch directory service data
0,6696,msedgewebview2,27,SeEnableDelegationPrivilege,,Enable user accounts to be trusted for delegation
0,6696,msedgewebview2,28,SeManageVolumePrivilege,,Manage the files on a volume
0,6696,msedgewebview2,29,SeImpersonatePrivilege,,Impersonate a client after authentication
0,6696,msedgewebview2,30,SeCreateGlobalPrivilege,Default,Create global objects
0,6696,msedgewebview2,31,SeTrustedCredManAccessPrivilege,,Access Credential Manager as a trusted caller
0,6696,msedgewebview2,32,SeRelabelPrivilege,,Modify the mandatory integrity level of an object
0,6696,msedgewebview2,33,SeIncreaseWorkingSetPrivilege,Present,Allocate more memory for user applications
0,6696,msedgewebview2,34,SeTimeZonePrivilege,Present,Adjust the time zone of the computer's internal clock
0,6696,msedgewebview2,35,SeCreateSymbolicLinkPrivilege,,Required to create a symbolic link
0,6696,msedgewebview2,36,SeDelegateSessionUserImpersonatePrivilege,,Obtain an impersonation token for another user in the same session.
0,6740,svchost.exe,2,SeCreateTokenPrivilege,,Create a token object
0,6740,svchost.exe,3,SeAssignPrimaryTokenPrivilege,Present,Replace a process-level token
0,6740,svchost.exe,4,SeLockMemoryPrivilege,Default,Lock pages in memory
0,6740,svchost.exe,5,SeIncreaseQuotaPrivilege,Present,Increase quotas
0,6740,svchost.exe,6,SeMachineAccountPrivilege,,Add workstations to the domain
0,6740,svchost.exe,7,SeTcbPrivilege,"Present,Enabled,Default",Act as part of the operating system
0,6740,svchost.exe,8,SeSecurityPrivilege,,Manage auditing and security log
0,6740,svchost.exe,9,SeTakeOwnershipPrivilege,,Take ownership of files/objects
0,6740,svchost.exe,10,SeLoadDriverPrivilege,,Load and unload device drivers
0,6740,svchost.exe,11,SeSystemProfilePrivilege,Default,Profile system performance
0,6740,svchost.exe,12,SeSystemtimePrivilege,,Change the system time
0,6740,svchost.exe,13,SeProfileSingleProcessPrivilege,Default,Profile a single process
0,6740,svchost.exe,14,SeIncreaseBasePriorityPrivilege,Default,Increase scheduling priority
0,6740,svchost.exe,15,SeCreatePagefilePrivilege,Default,Create a pagefile
0,6740,svchost.exe,16,SeCreatePermanentPrivilege,Default,Create permanent shared objects
0,6740,svchost.exe,17,SeBackupPrivilege,Present,Backup files and directories
0,6740,svchost.exe,18,SeRestorePrivilege,Present,Restore files and directories
0,6740,svchost.exe,19,SeShutdownPrivilege,"Present,Enabled",Shut down the system
0,6740,svchost.exe,20,SeDebugPrivilege,"Present,Enabled,Default",Debug programs
0,6740,svchost.exe,21,SeAuditPrivilege,"Present,Enabled,Default",Generate security audits
0,6740,svchost.exe,22,SeSystemEnvironmentPrivilege,Present,Edit firmware environment values
0,6740,svchost.exe,23,SeChangeNotifyPrivilege,"Present,Enabled,Default",Receive notifications of changes to files or directories
0,6740,svchost.exe,24,SeRemoteShutdownPrivilege,,Force shutdown from a remote system
0,6740,svchost.exe,25,SeUndockPrivilege,,Remove computer from docking station
0,6740,svchost.exe,26,SeSyncAgentPrivilege,,Synch directory service data
0,6740,svchost.exe,27,SeEnableDelegationPrivilege,,Enable user accounts to be trusted for delegation
0,6740,svchost.exe,28,SeManageVolumePrivilege,,Manage the files on a volume
0,6740,svchost.exe,29,SeImpersonatePrivilege,"Present,Enabled,Default",Impersonate a client after authentication
0,6740,svchost.exe,30,SeCreateGlobalPrivilege,Default,Create global objects
0,6740,svchost.exe,31,SeTrustedCredManAccessPrivilege,,Access Credential Manager as a trusted caller
0,6740,svchost.exe,32,SeRelabelPrivilege,,Modify the mandatory integrity level of an object
0,6740,svchost.exe,33,SeIncreaseWorkingSetPrivilege,Default,Allocate more memory for user applications
0,6740,svchost.exe,34,SeTimeZonePrivilege,Default,Adjust the time zone of the computer's internal clock
0,6740,svchost.exe,35,SeCreateSymbolicLinkPrivilege,Default,Required to create a symbolic link
0,6740,svchost.exe,36,SeDelegateSessionUserImpersonatePrivilege,Default,Obtain an impersonation token for another user in the same session.
0,7860,Taskmgr.exe,2,SeCreateTokenPrivilege,,Create a token object
0,7860,Taskmgr.exe,3,SeAssignPrimaryTokenPrivilege,,Replace a process-level token
0,7860,Taskmgr.exe,4,SeLockMemoryPrivilege,,Lock pages in memory
0,7860,Taskmgr.exe,5,SeIncreaseQuotaPrivilege,Present,Increase quotas
0,7860,Taskmgr.exe,6,SeMachineAccountPrivilege,,Add workstations to the domain
0,7860,Taskmgr.exe,7,SeTcbPrivilege,,Act as part of the operating system
0,7860,Taskmgr.exe,8,SeSecurityPrivilege,Present,Manage auditing and security log
0,7860,Taskmgr.exe,9,SeTakeOwnershipPrivilege,Present,Take ownership of files/objects
0,7860,Taskmgr.exe,10,SeLoadDriverPrivilege,Present,Load and unload device drivers
0,7860,Taskmgr.exe,11,SeSystemProfilePrivilege,"Present,Enabled",Profile system performance
0,7860,Taskmgr.exe,12,SeSystemtimePrivilege,Present,Change the system time
0,7860,Taskmgr.exe,13,SeProfileSingleProcessPrivilege,Present,Profile a single process
0,7860,Taskmgr.exe,14,SeIncreaseBasePriorityPrivilege,Present,Increase scheduling priority
0,7860,Taskmgr.exe,15,SeCreatePagefilePrivilege,Present,Create a pagefile
0,7860,Taskmgr.exe,16,SeCreatePermanentPrivilege,,Create permanent shared objects
0,7860,Taskmgr.exe,17,SeBackupPrivilege,Present,Backup files and directories
0,7860,Taskmgr.exe,18,SeRestorePrivilege,Present,Restore files and directories
0,7860,Taskmgr.exe,19,SeShutdownPrivilege,Present,Shut down the system
0,7860,Taskmgr.exe,20,SeDebugPrivilege,"Present,Enabled",Debug programs
0,7860,Taskmgr.exe,21,SeAuditPrivilege,,Generate security audits
0,7860,Taskmgr.exe,22,SeSystemEnvironmentPrivilege,Present,Edit firmware environment values
0,7860,Taskmgr.exe,23,SeChangeNotifyPrivilege,"Present,Enabled,Default",Receive notifications of changes to files or directories
0,7860,Taskmgr.exe,24,SeRemoteShutdownPrivilege,Present,Force shutdown from a remote system
0,7860,Taskmgr.exe,25,SeUndockPrivilege,Present,Remove computer from docking station
0,7860,Taskmgr.exe,26,SeSyncAgentPrivilege,,Synch directory service data
0,7860,Taskmgr.exe,27,SeEnableDelegationPrivilege,,Enable user accounts to be trusted for delegation
0,7860,Taskmgr.exe,28,SeManageVolumePrivilege,Present,Manage the files on a volume
0,7860,Taskmgr.exe,29,SeImpersonatePrivilege,"Present,Enabled,Default",Impersonate a client after authentication
0,7860,Taskmgr.exe,30,SeCreateGlobalPrivilege,"Present,Enabled,Default",Create global objects
0,7860,Taskmgr.exe,31,SeTrustedCredManAccessPrivilege,,Access Credential Manager as a trusted caller
0,7860,Taskmgr.exe,32,SeRelabelPrivilege,,Modify the mandatory integrity level of an object
0,7860,Taskmgr.exe,33,SeIncreaseWorkingSetPrivilege,Present,Allocate more memory for user applications
0,7860,Taskmgr.exe,34,SeTimeZonePrivilege,Present,Adjust the time zone of the computer's internal clock
0,7860,Taskmgr.exe,35,SeCreateSymbolicLinkPrivilege,Present,Required to create a symbolic link
0,7860,Taskmgr.exe,36,SeDelegateSessionUserImpersonatePrivilege,Present,Obtain an impersonation token for another user in the same session.
0,7540,ShellExperienc,2,SeCreateTokenPrivilege,,Create a token object
0,7540,ShellExperienc,3,SeAssignPrimaryTokenPrivilege,,Replace a process-level token
0,7540,ShellExperienc,4,SeLockMemoryPrivilege,,Lock pages in memory
0,7540,ShellExperienc,5,SeIncreaseQuotaPrivilege,,Increase quotas
0,7540,ShellExperienc,6,SeMachineAccountPrivilege,,Add workstations to the domain
0,7540,ShellExperienc,7,SeTcbPrivilege,,Act as part of the operating system
0,7540,ShellExperienc,8,SeSecurityPrivilege,,Manage auditing and security log
0,7540,ShellExperienc,9,SeTakeOwnershipPrivilege,,Take ownership of files/objects
0,7540,ShellExperienc,10,SeLoadDriverPrivilege,,Load and unload device drivers
0,7540,ShellExperienc,11,SeSystemProfilePrivilege,,Profile system performance
0,7540,ShellExperienc,12,SeSystemtimePrivilege,,Change the system time
0,7540,ShellExperienc,13,SeProfileSingleProcessPrivilege,,Profile a single process
0,7540,ShellExperienc,14,SeIncreaseBasePriorityPrivilege,,Increase scheduling priority
0,7540,ShellExperienc,15,SeCreatePagefilePrivilege,,Create a pagefile
0,7540,ShellExperienc,16,SeCreatePermanentPrivilege,,Create permanent shared objects
0,7540,ShellExperienc,17,SeBackupPrivilege,,Backup files and directories
0,7540,ShellExperienc,18,SeRestorePrivilege,,Restore files and directories
0,7540,ShellExperienc,19,SeShutdownPrivilege,,Shut down the system
0,7540,ShellExperienc,20,SeDebugPrivilege,,Debug programs
0,7540,ShellExperienc,21,SeAuditPrivilege,,Generate security audits
0,7540,ShellExperienc,22,SeSystemEnvironmentPrivilege,,Edit firmware environment values
0,7540,ShellExperienc,23,SeChangeNotifyPrivilege,"Present,Enabled,Default",Receive notifications of changes to files or directories
0,7540,ShellExperienc,24,SeRemoteShutdownPrivilege,,Force shutdown from a remote system
0,7540,ShellExperienc,25,SeUndockPrivilege,,Remove computer from docking station
0,7540,ShellExperienc,26,SeSyncAgentPrivilege,,Synch directory service data
0,7540,ShellExperienc,27,SeEnableDelegationPrivilege,,Enable user accounts to be trusted for delegation
0,7540,ShellExperienc,28,SeManageVolumePrivilege,,Manage the files on a volume
0,7540,ShellExperienc,29,SeImpersonatePrivilege,,Impersonate a client after authentication
0,7540,ShellExperienc,30,SeCreateGlobalPrivilege,,Create global objects
0,7540,ShellExperienc,31,SeTrustedCredManAccessPrivilege,,Access Credential Manager as a trusted caller
0,7540,ShellExperienc,32,SeRelabelPrivilege,,Modify the mandatory integrity level of an object
0,7540,ShellExperienc,33,SeIncreaseWorkingSetPrivilege,Present,Allocate more memory for user applications
0,7540,ShellExperienc,34,SeTimeZonePrivilege,,Adjust the time zone of the computer's internal clock
0,7540,ShellExperienc,35,SeCreateSymbolicLinkPrivilege,,Required to create a symbolic link
0,7540,ShellExperienc,36,SeDelegateSessionUserImpersonatePrivilege,,Obtain an impersonation token for another user in the same session.
0,4812,RuntimeBroker.,2,SeCreateTokenPrivilege,,Create a token object
0,4812,RuntimeBroker.,3,SeAssignPrimaryTokenPrivilege,,Replace a process-level token
0,4812,RuntimeBroker.,4,SeLockMemoryPrivilege,,Lock pages in memory
0,4812,RuntimeBroker.,5,SeIncreaseQuotaPrivilege,,Increase quotas
0,4812,RuntimeBroker.,6,SeMachineAccountPrivilege,,Add workstations to the domain
0,4812,RuntimeBroker.,7,SeTcbPrivilege,,Act as part of the operating system
0,4812,RuntimeBroker.,8,SeSecurityPrivilege,,Manage auditing and security log
0,4812,RuntimeBroker.,9,SeTakeOwnershipPrivilege,,Take ownership of files/objects
0,4812,RuntimeBroker.,10,SeLoadDriverPrivilege,,Load and unload device drivers
0,4812,RuntimeBroker.,11,SeSystemProfilePrivilege,,Profile system performance
0,4812,RuntimeBroker.,12,SeSystemtimePrivilege,,Change the system time
0,4812,RuntimeBroker.,13,SeProfileSingleProcessPrivilege,,Profile a single process
0,4812,RuntimeBroker.,14,SeIncreaseBasePriorityPrivilege,,Increase scheduling priority
0,4812,RuntimeBroker.,15,SeCreatePagefilePrivilege,,Create a pagefile
0,4812,RuntimeBroker.,16,SeCreatePermanentPrivilege,,Create permanent shared objects
0,4812,RuntimeBroker.,17,SeBackupPrivilege,,Backup files and directories
0,4812,RuntimeBroker.,18,SeRestorePrivilege,,Restore files and directories
0,4812,RuntimeBroker.,19,SeShutdownPrivilege,Present,Shut down the system
0,4812,RuntimeBroker.,20,SeDebugPrivilege,,Debug programs
0,4812,RuntimeBroker.,21,SeAuditPrivilege,,Generate security audits
0,4812,RuntimeBroker.,22,SeSystemEnvironmentPrivilege,,Edit firmware environment values
0,4812,RuntimeBroker.,23,SeChangeNotifyPrivilege,"Present,Enabled,Default",Receive notifications of changes to files or directories
0,4812,RuntimeBroker.,24,SeRemoteShutdownPrivilege,,Force shutdown from a remote system
0,4812,RuntimeBroker.,25,SeUndockPrivilege,Present,Remove computer from docking station
0,4812,RuntimeBroker.,26,SeSyncAgentPrivilege,,Synch directory service data
0,4812,RuntimeBroker.,27,SeEnableDelegationPrivilege,,Enable user accounts to be trusted for delegation
0,4812,RuntimeBroker.,28,SeManageVolumePrivilege,,Manage the files on a volume
0,4812,RuntimeBroker.,29,SeImpersonatePrivilege,,Impersonate a client after authentication
0,4812,RuntimeBroker.,30,SeCreateGlobalPrivilege,Default,Create global objects
0,4812,RuntimeBroker.,31,SeTrustedCredManAccessPrivilege,,Access Credential Manager as a trusted caller
0,4812,RuntimeBroker.,32,SeRelabelPrivilege,,Modify the mandatory integrity level of an object
0,4812,RuntimeBroker.,33,SeIncreaseWorkingSetPrivilege,Present,Allocate more memory for user applications
0,4812,RuntimeBroker.,34,SeTimeZonePrivilege,Present,Adjust the time zone of the computer's internal clock
0,4812,RuntimeBroker.,35,SeCreateSymbolicLinkPrivilege,,Required to create a symbolic link
0,4812,RuntimeBroker.,36,SeDelegateSessionUserImpersonatePrivilege,,Obtain an impersonation token for another user in the same session.
0,4104,svchost.exe,2,SeCreateTokenPrivilege,,Create a token object
0,4104,svchost.exe,3,SeAssignPrimaryTokenPrivilege,,Replace a process-level token
0,4104,svchost.exe,4,SeLockMemoryPrivilege,Default,Lock pages in memory
0,4104,svchost.exe,5,SeIncreaseQuotaPrivilege,,Increase quotas
0,4104,svchost.exe,6,SeMachineAccountPrivilege,,Add workstations to the domain
0,4104,svchost.exe,7,SeTcbPrivilege,"Present,Enabled,Default",Act as part of the operating system
0,4104,svchost.exe,8,SeSecurityPrivilege,,Manage auditing and security log
0,4104,svchost.exe,9,SeTakeOwnershipPrivilege,,Take ownership of files/objects
0,4104,svchost.exe,10,SeLoadDriverPrivilege,,Load and unload device drivers
0,4104,svchost.exe,11,SeSystemProfilePrivilege,Default,Profile system performance
0,4104,svchost.exe,12,SeSystemtimePrivilege,,Change the system time
0,4104,svchost.exe,13,SeProfileSingleProcessPrivilege,Default,Profile a single process
0,4104,svchost.exe,14,SeIncreaseBasePriorityPrivilege,Default,Increase scheduling priority
0,4104,svchost.exe,15,SeCreatePagefilePrivilege,Default,Create a pagefile
0,4104,svchost.exe,16,SeCreatePermanentPrivilege,Default,Create permanent shared objects
0,4104,svchost.exe,17,SeBackupPrivilege,,Backup files and directories
0,4104,svchost.exe,18,SeRestorePrivilege,,Restore files and directories
0,4104,svchost.exe,19,SeShutdownPrivilege,,Shut down the system
0,4104,svchost.exe,20,SeDebugPrivilege,Default,Debug programs
0,4104,svchost.exe,21,SeAuditPrivilege,Default,Generate security audits
0,4104,svchost.exe,22,SeSystemEnvironmentPrivilege,,Edit firmware environment values
0,4104,svchost.exe,23,SeChangeNotifyPrivilege,"Present,Enabled,Default",Receive notifications of changes to files or directories
0,4104,svchost.exe,24,SeRemoteShutdownPrivilege,,Force shutdown from a remote system
0,4104,svchost.exe,25,SeUndockPrivilege,,Remove computer from docking station
0,4104,svchost.exe,26,SeSyncAgentPrivilege,,Synch directory service data
0,4104,svchost.exe,27,SeEnableDelegationPrivilege,,Enable user accounts to be trusted for delegation
0,4104,svchost.exe,28,SeManageVolumePrivilege,,Manage the files on a volume
0,4104,svchost.exe,29,SeImpersonatePrivilege,"Present,Enabled,Default",Impersonate a client after authentication
0,4104,svchost.exe,30,SeCreateGlobalPrivilege,Default,Create global objects
0,4104,svchost.exe,31,SeTrustedCredManAccessPrivilege,,Access Credential Manager as a trusted caller
0,4104,svchost.exe,32,SeRelabelPrivilege,,Modify the mandatory integrity level of an object
0,4104,svchost.exe,33,SeIncreaseWorkingSetPrivilege,Default,Allocate more memory for user applications
0,4104,svchost.exe,34,SeTimeZonePrivilege,Default,Adjust the time zone of the computer's internal clock
0,4104,svchost.exe,35,SeCreateSymbolicLinkPrivilege,Default,Required to create a symbolic link
0,4104,svchost.exe,36,SeDelegateSessionUserImpersonatePrivilege,Default,Obtain an impersonation token for another user in the same session.
0,9848,SgrmBroker.exe,2,SeCreateTokenPrivilege,,Create a token object
0,9848,SgrmBroker.exe,3,SeAssignPrimaryTokenPrivilege,,Replace a process-level token
0,9848,SgrmBroker.exe,4,SeLockMemoryPrivilege,Default,Lock pages in memory
0,9848,SgrmBroker.exe,5,SeIncreaseQuotaPrivilege,,Increase quotas
0,9848,SgrmBroker.exe,6,SeMachineAccountPrivilege,,Add workstations to the domain
0,9848,SgrmBroker.exe,7,SeTcbPrivilege,Default,Act as part of the operating system
0,9848,SgrmBroker.exe,8,SeSecurityPrivilege,,Manage auditing and security log
0,9848,SgrmBroker.exe,9,SeTakeOwnershipPrivilege,,Take ownership of files/objects
0,9848,SgrmBroker.exe,10,SeLoadDriverPrivilege,,Load and unload device drivers
0,9848,SgrmBroker.exe,11,SeSystemProfilePrivilege,Default,Profile system performance
0,9848,SgrmBroker.exe,12,SeSystemtimePrivilege,,Change the system time
0,9848,SgrmBroker.exe,13,SeProfileSingleProcessPrivilege,Default,Profile a single process
0,9848,SgrmBroker.exe,14,SeIncreaseBasePriorityPrivilege,Default,Increase scheduling priority
0,9848,SgrmBroker.exe,15,SeCreatePagefilePrivilege,Default,Create a pagefile
0,9848,SgrmBroker.exe,16,SeCreatePermanentPrivilege,Default,Create permanent shared objects
0,9848,SgrmBroker.exe,17,SeBackupPrivilege,,Backup files and directories
0,9848,SgrmBroker.exe,18,SeRestorePrivilege,,Restore files and directories
0,9848,SgrmBroker.exe,19,SeShutdownPrivilege,,Shut down the system
0,9848,SgrmBroker.exe,20,SeDebugPrivilege,Default,Debug programs
0,9848,SgrmBroker.exe,21,SeAuditPrivilege,Default,Generate security audits
0,9848,SgrmBroker.exe,22,SeSystemEnvironmentPrivilege,,Edit firmware environment values
0,9848,SgrmBroker.exe,23,SeChangeNotifyPrivilege,"Present,Enabled,Default",Receive notifications of changes to files or directories
0,9848,SgrmBroker.exe,24,SeRemoteShutdownPrivilege,,Force shutdown from a remote system
0,9848,SgrmBroker.exe,25,SeUndockPrivilege,,Remove computer from docking station
0,9848,SgrmBroker.exe,26,SeSyncAgentPrivilege,,Synch directory service data
0,9848,SgrmBroker.exe,27,SeEnableDelegationPrivilege,,Enable user accounts to be trusted for delegation
0,9848,SgrmBroker.exe,28,SeManageVolumePrivilege,,Manage the files on a volume
0,9848,SgrmBroker.exe,29,SeImpersonatePrivilege,"Present,Enabled,Default",Impersonate a client after authentication
0,9848,SgrmBroker.exe,30,SeCreateGlobalPrivilege,Default,Create global objects
0,9848,SgrmBroker.exe,31,SeTrustedCredManAccessPrivilege,,Access Credential Manager as a trusted caller
0,9848,SgrmBroker.exe,32,SeRelabelPrivilege,,Modify the mandatory integrity level of an object
0,9848,SgrmBroker.exe,33,SeIncreaseWorkingSetPrivilege,Default,Allocate more memory for user applications
0,9848,SgrmBroker.exe,34,SeTimeZonePrivilege,Default,Adjust the time zone of the computer's internal clock
0,9848,SgrmBroker.exe,35,SeCreateSymbolicLinkPrivilege,Default,Required to create a symbolic link
0,9848,SgrmBroker.exe,36,SeDelegateSessionUserImpersonatePrivilege,Default,Obtain an impersonation token for another user in the same session.
0,9980,svchost.exe,2,SeCreateTokenPrivilege,,Create a token object
0,9980,svchost.exe,3,SeAssignPrimaryTokenPrivilege,Present,Replace a process-level token
0,9980,svchost.exe,4,SeLockMemoryPrivilege,,Lock pages in memory
0,9980,svchost.exe,5,SeIncreaseQuotaPrivilege,Present,Increase quotas
0,9980,svchost.exe,6,SeMachineAccountPrivilege,,Add workstations to the domain
0,9980,svchost.exe,7,SeTcbPrivilege,,Act as part of the operating system
0,9980,svchost.exe,8,SeSecurityPrivilege,,Manage auditing and security log
0,9980,svchost.exe,9,SeTakeOwnershipPrivilege,,Take ownership of files/objects
0,9980,svchost.exe,10,SeLoadDriverPrivilege,,Load and unload device drivers
0,9980,svchost.exe,11,SeSystemProfilePrivilege,,Profile system performance
0,9980,svchost.exe,12,SeSystemtimePrivilege,Present,Change the system time
0,9980,svchost.exe,13,SeProfileSingleProcessPrivilege,,Profile a single process
0,9980,svchost.exe,14,SeIncreaseBasePriorityPrivilege,,Increase scheduling priority
0,9980,svchost.exe,15,SeCreatePagefilePrivilege,,Create a pagefile
0,9980,svchost.exe,16,SeCreatePermanentPrivilege,,Create permanent shared objects
0,9980,svchost.exe,17,SeBackupPrivilege,,Backup files and directories
0,9980,svchost.exe,18,SeRestorePrivilege,,Restore files and directories
0,9980,svchost.exe,19,SeShutdownPrivilege,Present,Shut down the system
0,9980,svchost.exe,20,SeDebugPrivilege,,Debug programs
0,9980,svchost.exe,21,SeAuditPrivilege,Present,Generate security audits
0,9980,svchost.exe,22,SeSystemEnvironmentPrivilege,,Edit firmware environment values
0,9980,svchost.exe,23,SeChangeNotifyPrivilege,"Present,Enabled,Default",Receive notifications of changes to files or directories
0,9980,svchost.exe,24,SeRemoteShutdownPrivilege,,Force shutdown from a remote system
0,9980,svchost.exe,25,SeUndockPrivilege,Present,Remove computer from docking station
0,9980,svchost.exe,26,SeSyncAgentPrivilege,,Synch directory service data
0,9980,svchost.exe,27,SeEnableDelegationPrivilege,,Enable user accounts to be trusted for delegation
0,9980,svchost.exe,28,SeManageVolumePrivilege,,Manage the files on a volume
0,9980,svchost.exe,29,SeImpersonatePrivilege,"Present,Enabled,Default",Impersonate a client after authentication
0,9980,svchost.exe,30,SeCreateGlobalPrivilege,"Present,Enabled,Default",Create global objects
0,9980,svchost.exe,31,SeTrustedCredManAccessPrivilege,,Access Credential Manager as a trusted caller
0,9980,svchost.exe,32,SeRelabelPrivilege,,Modify the mandatory integrity level of an object
0,9980,svchost.exe,33,SeIncreaseWorkingSetPrivilege,Present,Allocate more memory for user applications
0,9980,svchost.exe,34,SeTimeZonePrivilege,Present,Adjust the time zone of the computer's internal clock
0,9980,svchost.exe,35,SeCreateSymbolicLinkPrivilege,,Required to create a symbolic link
0,9980,svchost.exe,36,SeDelegateSessionUserImpersonatePrivilege,,Obtain an impersonation token for another user in the same session.
0,7324,M365Copilot.ex,2,SeCreateTokenPrivilege,,Create a token object
0,7324,M365Copilot.ex,3,SeAssignPrimaryTokenPrivilege,,Replace a process-level token
0,7324,M365Copilot.ex,4,SeLockMemoryPrivilege,,Lock pages in memory
0,7324,M365Copilot.ex,5,SeIncreaseQuotaPrivilege,,Increase quotas
0,7324,M365Copilot.ex,6,SeMachineAccountPrivilege,,Add workstations to the domain
0,7324,M365Copilot.ex,7,SeTcbPrivilege,,Act as part of the operating system
0,7324,M365Copilot.ex,8,SeSecurityPrivilege,,Manage auditing and security log
0,7324,M365Copilot.ex,9,SeTakeOwnershipPrivilege,,Take ownership of files/objects
0,7324,M365Copilot.ex,10,SeLoadDriverPrivilege,,Load and unload device drivers
0,7324,M365Copilot.ex,11,SeSystemProfilePrivilege,,Profile system performance
0,7324,M365Copilot.ex,12,SeSystemtimePrivilege,,Change the system time
0,7324,M365Copilot.ex,13,SeProfileSingleProcessPrivilege,,Profile a single process
0,7324,M365Copilot.ex,14,SeIncreaseBasePriorityPrivilege,,Increase scheduling priority
0,7324,M365Copilot.ex,15,SeCreatePagefilePrivilege,,Create a pagefile
0,7324,M365Copilot.ex,16,SeCreatePermanentPrivilege,,Create permanent shared objects
0,7324,M365Copilot.ex,17,SeBackupPrivilege,,Backup files and directories
0,7324,M365Copilot.ex,18,SeRestorePrivilege,,Restore files and directories
0,7324,M365Copilot.ex,19,SeShutdownPrivilege,Present,Shut down the system
0,7324,M365Copilot.ex,20,SeDebugPrivilege,,Debug programs
0,7324,M365Copilot.ex,21,SeAuditPrivilege,,Generate security audits
0,7324,M365Copilot.ex,22,SeSystemEnvironmentPrivilege,,Edit firmware environment values
0,7324,M365Copilot.ex,23,SeChangeNotifyPrivilege,"Present,Enabled,Default",Receive notifications of changes to files or directories
0,7324,M365Copilot.ex,24,SeRemoteShutdownPrivilege,,Force shutdown from a remote system
0,7324,M365Copilot.ex,25,SeUndockPrivilege,Present,Remove computer from docking station
0,7324,M365Copilot.ex,26,SeSyncAgentPrivilege,,Synch directory service data
0,7324,M365Copilot.ex,27,SeEnableDelegationPrivilege,,Enable user accounts to be trusted for delegation
0,7324,M365Copilot.ex,28,SeManageVolumePrivilege,,Manage the files on a volume
0,7324,M365Copilot.ex,29,SeImpersonatePrivilege,,Impersonate a client after authentication
0,7324,M365Copilot.ex,30,SeCreateGlobalPrivilege,Default,Create global objects
0,7324,M365Copilot.ex,31,SeTrustedCredManAccessPrivilege,,Access Credential Manager as a trusted caller
0,7324,M365Copilot.ex,32,SeRelabelPrivilege,,Modify the mandatory integrity level of an object
0,7324,M365Copilot.ex,33,SeIncreaseWorkingSetPrivilege,Present,Allocate more memory for user applications
0,7324,M365Copilot.ex,34,SeTimeZonePrivilege,Present,Adjust the time zone of the computer's internal clock
0,7324,M365Copilot.ex,35,SeCreateSymbolicLinkPrivilege,,Required to create a symbolic link
0,7324,M365Copilot.ex,36,SeDelegateSessionUserImpersonatePrivilege,,Obtain an impersonation token for another user in the same session.
0,9540,RuntimeBroker.,2,SeCreateTokenPrivilege,,Create a token object
0,9540,RuntimeBroker.,3,SeAssignPrimaryTokenPrivilege,,Replace a process-level token
0,9540,RuntimeBroker.,4,SeLockMemoryPrivilege,,Lock pages in memory
0,9540,RuntimeBroker.,5,SeIncreaseQuotaPrivilege,,Increase quotas
0,9540,RuntimeBroker.,6,SeMachineAccountPrivilege,,Add workstations to the domain
0,9540,RuntimeBroker.,7,SeTcbPrivilege,,Act as part of the operating system
0,9540,RuntimeBroker.,8,SeSecurityPrivilege,,Manage auditing and security log
0,9540,RuntimeBroker.,9,SeTakeOwnershipPrivilege,,Take ownership of files/objects
0,9540,RuntimeBroker.,10,SeLoadDriverPrivilege,,Load and unload device drivers
0,9540,RuntimeBroker.,11,SeSystemProfilePrivilege,,Profile system performance
0,9540,RuntimeBroker.,12,SeSystemtimePrivilege,,Change the system time
0,9540,RuntimeBroker.,13,SeProfileSingleProcessPrivilege,,Profile a single process
0,9540,RuntimeBroker.,14,SeIncreaseBasePriorityPrivilege,,Increase scheduling priority
0,9540,RuntimeBroker.,15,SeCreatePagefilePrivilege,,Create a pagefile
0,9540,RuntimeBroker.,16,SeCreatePermanentPrivilege,,Create permanent shared objects
0,9540,RuntimeBroker.,17,SeBackupPrivilege,,Backup files and directories
0,9540,RuntimeBroker.,18,SeRestorePrivilege,,Restore files and directories
0,9540,RuntimeBroker.,19,SeShutdownPrivilege,Present,Shut down the system
0,9540,RuntimeBroker.,20,SeDebugPrivilege,,Debug programs
0,9540,RuntimeBroker.,21,SeAuditPrivilege,,Generate security audits
0,9540,RuntimeBroker.,22,SeSystemEnvironmentPrivilege,,Edit firmware environment values
0,9540,RuntimeBroker.,23,SeChangeNotifyPrivilege,"Present,Enabled,Default",Receive notifications of changes to files or directories
0,9540,RuntimeBroker.,24,SeRemoteShutdownPrivilege,,Force shutdown from a remote system
0,9540,RuntimeBroker.,25,SeUndockPrivilege,Present,Remove computer from docking station
0,9540,RuntimeBroker.,26,SeSyncAgentPrivilege,,Synch directory service data
0,9540,RuntimeBroker.,27,SeEnableDelegationPrivilege,,Enable user accounts to be trusted for delegation
0,9540,RuntimeBroker.,28,SeManageVolumePrivilege,,Manage the files on a volume
0,9540,RuntimeBroker.,29,SeImpersonatePrivilege,,Impersonate a client after authentication
0,9540,RuntimeBroker.,30,SeCreateGlobalPrivilege,Default,Create global objects
0,9540,RuntimeBroker.,31,SeTrustedCredManAccessPrivilege,,Access Credential Manager as a trusted caller
0,9540,RuntimeBroker.,32,SeRelabelPrivilege,,Modify the mandatory integrity level of an object
0,9540,RuntimeBroker.,33,SeIncreaseWorkingSetPrivilege,Present,Allocate more memory for user applications
0,9540,RuntimeBroker.,34,SeTimeZonePrivilege,Present,Adjust the time zone of the computer's internal clock
0,9540,RuntimeBroker.,35,SeCreateSymbolicLinkPrivilege,,Required to create a symbolic link
0,9540,RuntimeBroker.,36,SeDelegateSessionUserImpersonatePrivilege,,Obtain an impersonation token for another user in the same session.
0,1604,msedgewebview2,2,SeCreateTokenPrivilege,,Create a token object
0,1604,msedgewebview2,3,SeAssignPrimaryTokenPrivilege,,Replace a process-level token
0,1604,msedgewebview2,4,SeLockMemoryPrivilege,,Lock pages in memory
0,1604,msedgewebview2,5,SeIncreaseQuotaPrivilege,,Increase quotas
0,1604,msedgewebview2,6,SeMachineAccountPrivilege,,Add workstations to the domain
0,1604,msedgewebview2,7,SeTcbPrivilege,,Act as part of the operating system
0,1604,msedgewebview2,8,SeSecurityPrivilege,,Manage auditing and security log
0,1604,msedgewebview2,9,SeTakeOwnershipPrivilege,,Take ownership of files/objects
0,1604,msedgewebview2,10,SeLoadDriverPrivilege,,Load and unload device drivers
0,1604,msedgewebview2,11,SeSystemProfilePrivilege,,Profile system performance
0,1604,msedgewebview2,12,SeSystemtimePrivilege,,Change the system time
0,1604,msedgewebview2,13,SeProfileSingleProcessPrivilege,,Profile a single process
0,1604,msedgewebview2,14,SeIncreaseBasePriorityPrivilege,,Increase scheduling priority
0,1604,msedgewebview2,15,SeCreatePagefilePrivilege,,Create a pagefile
0,1604,msedgewebview2,16,SeCreatePermanentPrivilege,,Create permanent shared objects
0,1604,msedgewebview2,17,SeBackupPrivilege,,Backup files and directories
0,1604,msedgewebview2,18,SeRestorePrivilege,,Restore files and directories
0,1604,msedgewebview2,19,SeShutdownPrivilege,Present,Shut down the system
0,1604,msedgewebview2,20,SeDebugPrivilege,,Debug programs
0,1604,msedgewebview2,21,SeAuditPrivilege,,Generate security audits
0,1604,msedgewebview2,22,SeSystemEnvironmentPrivilege,,Edit firmware environment values
0,1604,msedgewebview2,23,SeChangeNotifyPrivilege,"Present,Enabled,Default",Receive notifications of changes to files or directories
0,1604,msedgewebview2,24,SeRemoteShutdownPrivilege,,Force shutdown from a remote system
0,1604,msedgewebview2,25,SeUndockPrivilege,Present,Remove computer from docking station
0,1604,msedgewebview2,26,SeSyncAgentPrivilege,,Synch directory service data
0,1604,msedgewebview2,27,SeEnableDelegationPrivilege,,Enable user accounts to be trusted for delegation
0,1604,msedgewebview2,28,SeManageVolumePrivilege,,Manage the files on a volume
0,1604,msedgewebview2,29,SeImpersonatePrivilege,,Impersonate a client after authentication
0,1604,msedgewebview2,30,SeCreateGlobalPrivilege,Default,Create global objects
0,1604,msedgewebview2,31,SeTrustedCredManAccessPrivilege,,Access Credential Manager as a trusted caller
0,1604,msedgewebview2,32,SeRelabelPrivilege,,Modify the mandatory integrity level of an object
0,1604,msedgewebview2,33,SeIncreaseWorkingSetPrivilege,Present,Allocate more memory for user applications
0,1604,msedgewebview2,34,SeTimeZonePrivilege,Present,Adjust the time zone of the computer's internal clock
0,1604,msedgewebview2,35,SeCreateSymbolicLinkPrivilege,,Required to create a symbolic link
0,1604,msedgewebview2,36,SeDelegateSessionUserImpersonatePrivilege,,Obtain an impersonation token for another user in the same session.
0,3180,msedgewebview2,2,SeCreateTokenPrivilege,,Create a token object
0,3180,msedgewebview2,3,SeAssignPrimaryTokenPrivilege,,Replace a process-level token
0,3180,msedgewebview2,4,SeLockMemoryPrivilege,,Lock pages in memory
0,3180,msedgewebview2,5,SeIncreaseQuotaPrivilege,,Increase quotas
0,3180,msedgewebview2,6,SeMachineAccountPrivilege,,Add workstations to the domain
0,3180,msedgewebview2,7,SeTcbPrivilege,,Act as part of the operating system
0,3180,msedgewebview2,8,SeSecurityPrivilege,,Manage auditing and security log
0,3180,msedgewebview2,9,SeTakeOwnershipPrivilege,,Take ownership of files/objects
0,3180,msedgewebview2,10,SeLoadDriverPrivilege,,Load and unload device drivers
0,3180,msedgewebview2,11,SeSystemProfilePrivilege,,Profile system performance
0,3180,msedgewebview2,12,SeSystemtimePrivilege,,Change the system time
0,3180,msedgewebview2,13,SeProfileSingleProcessPrivilege,,Profile a single process
0,3180,msedgewebview2,14,SeIncreaseBasePriorityPrivilege,,Increase scheduling priority
0,3180,msedgewebview2,15,SeCreatePagefilePrivilege,,Create a pagefile
0,3180,msedgewebview2,16,SeCreatePermanentPrivilege,,Create permanent shared objects
0,3180,msedgewebview2,17,SeBackupPrivilege,,Backup files and directories
0,3180,msedgewebview2,18,SeRestorePrivilege,,Restore files and directories
0,3180,msedgewebview2,19,SeShutdownPrivilege,Present,Shut down the system
0,3180,msedgewebview2,20,SeDebugPrivilege,,Debug programs
0,3180,msedgewebview2,21,SeAuditPrivilege,,Generate security audits
0,3180,msedgewebview2,22,SeSystemEnvironmentPrivilege,,Edit firmware environment values
0,3180,msedgewebview2,23,SeChangeNotifyPrivilege,"Present,Enabled,Default",Receive notifications of changes to files or directories
0,3180,msedgewebview2,24,SeRemoteShutdownPrivilege,,Force shutdown from a remote system
0,3180,msedgewebview2,25,SeUndockPrivilege,Present,Remove computer from docking station
0,3180,msedgewebview2,26,SeSyncAgentPrivilege,,Synch directory service data
0,3180,msedgewebview2,27,SeEnableDelegationPrivilege,,Enable user accounts to be trusted for delegation
0,3180,msedgewebview2,28,SeManageVolumePrivilege,,Manage the files on a volume
0,3180,msedgewebview2,29,SeImpersonatePrivilege,,Impersonate a client after authentication
0,3180,msedgewebview2,30,SeCreateGlobalPrivilege,Default,Create global objects
0,3180,msedgewebview2,31,SeTrustedCredManAccessPrivilege,,Access Credential Manager as a trusted caller
0,3180,msedgewebview2,32,SeRelabelPrivilege,,Modify the mandatory integrity level of an object
0,3180,msedgewebview2,33,SeIncreaseWorkingSetPrivilege,Present,Allocate more memory for user applications
0,3180,msedgewebview2,34,SeTimeZonePrivilege,Present,Adjust the time zone of the computer's internal clock
0,3180,msedgewebview2,35,SeCreateSymbolicLinkPrivilege,,Required to create a symbolic link
0,3180,msedgewebview2,36,SeDelegateSessionUserImpersonatePrivilege,,Obtain an impersonation token for another user in the same session.
0,2004,msedgewebview2,2,SeCreateTokenPrivilege,,Create a token object
0,2004,msedgewebview2,3,SeAssignPrimaryTokenPrivilege,,Replace a process-level token
0,2004,msedgewebview2,4,SeLockMemoryPrivilege,,Lock pages in memory
0,2004,msedgewebview2,5,SeIncreaseQuotaPrivilege,,Increase quotas
0,2004,msedgewebview2,6,SeMachineAccountPrivilege,,Add workstations to the domain
0,2004,msedgewebview2,7,SeTcbPrivilege,,Act as part of the operating system
0,2004,msedgewebview2,8,SeSecurityPrivilege,,Manage auditing and security log
0,2004,msedgewebview2,9,SeTakeOwnershipPrivilege,,Take ownership of files/objects
0,2004,msedgewebview2,10,SeLoadDriverPrivilege,,Load and unload device drivers
0,2004,msedgewebview2,11,SeSystemProfilePrivilege,,Profile system performance
0,2004,msedgewebview2,12,SeSystemtimePrivilege,,Change the system time
0,2004,msedgewebview2,13,SeProfileSingleProcessPrivilege,,Profile a single process
0,2004,msedgewebview2,14,SeIncreaseBasePriorityPrivilege,,Increase scheduling priority
0,2004,msedgewebview2,15,SeCreatePagefilePrivilege,,Create a pagefile
0,2004,msedgewebview2,16,SeCreatePermanentPrivilege,,Create permanent shared objects
0,2004,msedgewebview2,17,SeBackupPrivilege,,Backup files and directories
0,2004,msedgewebview2,18,SeRestorePrivilege,,Restore files and directories
0,2004,msedgewebview2,19,SeShutdownPrivilege,,Shut down the system
0,2004,msedgewebview2,20,SeDebugPrivilege,,Debug programs
0,2004,msedgewebview2,21,SeAuditPrivilege,,Generate security audits
0,2004,msedgewebview2,22,SeSystemEnvironmentPrivilege,,Edit firmware environment values
0,2004,msedgewebview2,23,SeChangeNotifyPrivilege,"Present,Enabled,Default",Receive notifications of changes to files or directories
0,2004,msedgewebview2,24,SeRemoteShutdownPrivilege,,Force shutdown from a remote system
0,2004,msedgewebview2,25,SeUndockPrivilege,,Remove computer from docking station
0,2004,msedgewebview2,26,SeSyncAgentPrivilege,,Synch directory service data
0,2004,msedgewebview2,27,SeEnableDelegationPrivilege,,Enable user accounts to be trusted for delegation
0,2004,msedgewebview2,28,SeManageVolumePrivilege,,Manage the files on a volume
0,2004,msedgewebview2,29,SeImpersonatePrivilege,,Impersonate a client after authentication
0,2004,msedgewebview2,30,SeCreateGlobalPrivilege,,Create global objects
0,2004,msedgewebview2,31,SeTrustedCredManAccessPrivilege,,Access Credential Manager as a trusted caller
0,2004,msedgewebview2,32,SeRelabelPrivilege,,Modify the mandatory integrity level of an object
0,2004,msedgewebview2,33,SeIncreaseWorkingSetPrivilege,,Allocate more memory for user applications
0,2004,msedgewebview2,34,SeTimeZonePrivilege,,Adjust the time zone of the computer's internal clock
0,2004,msedgewebview2,35,SeCreateSymbolicLinkPrivilege,,Required to create a symbolic link
0,2004,msedgewebview2,36,SeDelegateSessionUserImpersonatePrivilege,,Obtain an impersonation token for another user in the same session.
0,1164,msedgewebview2,2,SeCreateTokenPrivilege,,Create a token object
0,1164,msedgewebview2,3,SeAssignPrimaryTokenPrivilege,,Replace a process-level token
0,1164,msedgewebview2,4,SeLockMemoryPrivilege,,Lock pages in memory
0,1164,msedgewebview2,5,SeIncreaseQuotaPrivilege,,Increase quotas
0,1164,msedgewebview2,6,SeMachineAccountPrivilege,,Add workstations to the domain
0,1164,msedgewebview2,7,SeTcbPrivilege,,Act as part of the operating system
0,1164,msedgewebview2,8,SeSecurityPrivilege,,Manage auditing and security log
0,1164,msedgewebview2,9,SeTakeOwnershipPrivilege,,Take ownership of files/objects
0,1164,msedgewebview2,10,SeLoadDriverPrivilege,,Load and unload device drivers
0,1164,msedgewebview2,11,SeSystemProfilePrivilege,,Profile system performance
0,1164,msedgewebview2,12,SeSystemtimePrivilege,,Change the system time
0,1164,msedgewebview2,13,SeProfileSingleProcessPrivilege,,Profile a single process
0,1164,msedgewebview2,14,SeIncreaseBasePriorityPrivilege,,Increase scheduling priority
0,1164,msedgewebview2,15,SeCreatePagefilePrivilege,,Create a pagefile
0,1164,msedgewebview2,16,SeCreatePermanentPrivilege,,Create permanent shared objects
0,1164,msedgewebview2,17,SeBackupPrivilege,,Backup files and directories
0,1164,msedgewebview2,18,SeRestorePrivilege,,Restore files and directories
0,1164,msedgewebview2,19,SeShutdownPrivilege,Present,Shut down the system
0,1164,msedgewebview2,20,SeDebugPrivilege,,Debug programs
0,1164,msedgewebview2,21,SeAuditPrivilege,,Generate security audits
0,1164,msedgewebview2,22,SeSystemEnvironmentPrivilege,,Edit firmware environment values
0,1164,msedgewebview2,23,SeChangeNotifyPrivilege,"Present,Enabled,Default",Receive notifications of changes to files or directories
0,1164,msedgewebview2,24,SeRemoteShutdownPrivilege,,Force shutdown from a remote system
0,1164,msedgewebview2,25,SeUndockPrivilege,Present,Remove computer from docking station
0,1164,msedgewebview2,26,SeSyncAgentPrivilege,,Synch directory service data
0,1164,msedgewebview2,27,SeEnableDelegationPrivilege,,Enable user accounts to be trusted for delegation
0,1164,msedgewebview2,28,SeManageVolumePrivilege,,Manage the files on a volume
0,1164,msedgewebview2,29,SeImpersonatePrivilege,,Impersonate a client after authentication
0,1164,msedgewebview2,30,SeCreateGlobalPrivilege,Default,Create global objects
0,1164,msedgewebview2,31,SeTrustedCredManAccessPrivilege,,Access Credential Manager as a trusted caller
0,1164,msedgewebview2,32,SeRelabelPrivilege,,Modify the mandatory integrity level of an object
0,1164,msedgewebview2,33,SeIncreaseWorkingSetPrivilege,Present,Allocate more memory for user applications
0,1164,msedgewebview2,34,SeTimeZonePrivilege,Present,Adjust the time zone of the computer's internal clock
0,1164,msedgewebview2,35,SeCreateSymbolicLinkPrivilege,,Required to create a symbolic link
0,1164,msedgewebview2,36,SeDelegateSessionUserImpersonatePrivilege,,Obtain an impersonation token for another user in the same session.
0,1932,msedgewebview2,2,SeCreateTokenPrivilege,,Create a token object
0,1932,msedgewebview2,3,SeAssignPrimaryTokenPrivilege,,Replace a process-level token
0,1932,msedgewebview2,4,SeLockMemoryPrivilege,,Lock pages in memory
0,1932,msedgewebview2,5,SeIncreaseQuotaPrivilege,,Increase quotas
0,1932,msedgewebview2,6,SeMachineAccountPrivilege,,Add workstations to the domain
0,1932,msedgewebview2,7,SeTcbPrivilege,,Act as part of the operating system
0,1932,msedgewebview2,8,SeSecurityPrivilege,,Manage auditing and security log
0,1932,msedgewebview2,9,SeTakeOwnershipPrivilege,,Take ownership of files/objects
0,1932,msedgewebview2,10,SeLoadDriverPrivilege,,Load and unload device drivers
0,1932,msedgewebview2,11,SeSystemProfilePrivilege,,Profile system performance
0,1932,msedgewebview2,12,SeSystemtimePrivilege,,Change the system time
0,1932,msedgewebview2,13,SeProfileSingleProcessPrivilege,,Profile a single process
0,1932,msedgewebview2,14,SeIncreaseBasePriorityPrivilege,,Increase scheduling priority
0,1932,msedgewebview2,15,SeCreatePagefilePrivilege,,Create a pagefile
0,1932,msedgewebview2,16,SeCreatePermanentPrivilege,,Create permanent shared objects
0,1932,msedgewebview2,17,SeBackupPrivilege,,Backup files and directories
0,1932,msedgewebview2,18,SeRestorePrivilege,,Restore files and directories
0,1932,msedgewebview2,19,SeShutdownPrivilege,,Shut down the system
0,1932,msedgewebview2,20,SeDebugPrivilege,,Debug programs
0,1932,msedgewebview2,21,SeAuditPrivilege,,Generate security audits
0,1932,msedgewebview2,22,SeSystemEnvironmentPrivilege,,Edit firmware environment values
0,1932,msedgewebview2,23,SeChangeNotifyPrivilege,Default,Receive notifications of changes to files or directories
0,1932,msedgewebview2,24,SeRemoteShutdownPrivilege,,Force shutdown from a remote system
0,1932,msedgewebview2,25,SeUndockPrivilege,,Remove computer from docking station
0,1932,msedgewebview2,26,SeSyncAgentPrivilege,,Synch directory service data
0,1932,msedgewebview2,27,SeEnableDelegationPrivilege,,Enable user accounts to be trusted for delegation
0,1932,msedgewebview2,28,SeManageVolumePrivilege,,Manage the files on a volume
0,1932,msedgewebview2,29,SeImpersonatePrivilege,,Impersonate a client after authentication
0,1932,msedgewebview2,30,SeCreateGlobalPrivilege,,Create global objects
0,1932,msedgewebview2,31,SeTrustedCredManAccessPrivilege,,Access Credential Manager as a trusted caller
0,1932,msedgewebview2,32,SeRelabelPrivilege,,Modify the mandatory integrity level of an object
0,1932,msedgewebview2,33,SeIncreaseWorkingSetPrivilege,,Allocate more memory for user applications
0,1932,msedgewebview2,34,SeTimeZonePrivilege,,Adjust the time zone of the computer's internal clock
0,1932,msedgewebview2,35,SeCreateSymbolicLinkPrivilege,,Required to create a symbolic link
0,1932,msedgewebview2,36,SeDelegateSessionUserImpersonatePrivilege,,Obtain an impersonation token for another user in the same session.
0,5352,msedgewebview2,2,SeCreateTokenPrivilege,,Create a token object
0,5352,msedgewebview2,3,SeAssignPrimaryTokenPrivilege,,Replace a process-level token
0,5352,msedgewebview2,4,SeLockMemoryPrivilege,,Lock pages in memory
0,5352,msedgewebview2,5,SeIncreaseQuotaPrivilege,,Increase quotas
0,5352,msedgewebview2,6,SeMachineAccountPrivilege,,Add workstations to the domain
0,5352,msedgewebview2,7,SeTcbPrivilege,,Act as part of the operating system
0,5352,msedgewebview2,8,SeSecurityPrivilege,,Manage auditing and security log
0,5352,msedgewebview2,9,SeTakeOwnershipPrivilege,,Take ownership of files/objects
0,5352,msedgewebview2,10,SeLoadDriverPrivilege,,Load and unload device drivers
0,5352,msedgewebview2,11,SeSystemProfilePrivilege,,Profile system performance
0,5352,msedgewebview2,12,SeSystemtimePrivilege,,Change the system time
0,5352,msedgewebview2,13,SeProfileSingleProcessPrivilege,,Profile a single process
0,5352,msedgewebview2,14,SeIncreaseBasePriorityPrivilege,,Increase scheduling priority
0,5352,msedgewebview2,15,SeCreatePagefilePrivilege,,Create a pagefile
0,5352,msedgewebview2,16,SeCreatePermanentPrivilege,,Create permanent shared objects
0,5352,msedgewebview2,17,SeBackupPrivilege,,Backup files and directories
0,5352,msedgewebview2,18,SeRestorePrivilege,,Restore files and directories
0,5352,msedgewebview2,19,SeShutdownPrivilege,,Shut down the system
0,5352,msedgewebview2,20,SeDebugPrivilege,,Debug programs
0,5352,msedgewebview2,21,SeAuditPrivilege,,Generate security audits
0,5352,msedgewebview2,22,SeSystemEnvironmentPrivilege,,Edit firmware environment values
0,5352,msedgewebview2,23,SeChangeNotifyPrivilege,Default,Receive notifications of changes to files or directories
0,5352,msedgewebview2,24,SeRemoteShutdownPrivilege,,Force shutdown from a remote system
0,5352,msedgewebview2,25,SeUndockPrivilege,,Remove computer from docking station
0,5352,msedgewebview2,26,SeSyncAgentPrivilege,,Synch directory service data
0,5352,msedgewebview2,27,SeEnableDelegationPrivilege,,Enable user accounts to be trusted for delegation
0,5352,msedgewebview2,28,SeManageVolumePrivilege,,Manage the files on a volume
0,5352,msedgewebview2,29,SeImpersonatePrivilege,,Impersonate a client after authentication
0,5352,msedgewebview2,30,SeCreateGlobalPrivilege,,Create global objects
0,5352,msedgewebview2,31,SeTrustedCredManAccessPrivilege,,Access Credential Manager as a trusted caller
0,5352,msedgewebview2,32,SeRelabelPrivilege,,Modify the mandatory integrity level of an object
0,5352,msedgewebview2,33,SeIncreaseWorkingSetPrivilege,,Allocate more memory for user applications
0,5352,msedgewebview2,34,SeTimeZonePrivilege,,Adjust the time zone of the computer's internal clock
0,5352,msedgewebview2,35,SeCreateSymbolicLinkPrivilege,,Required to create a symbolic link
0,5352,msedgewebview2,36,SeDelegateSessionUserImpersonatePrivilege,,Obtain an impersonation token for another user in the same session.
0,6236,OneDrive.Sync.,2,SeCreateTokenPrivilege,,Create a token object
0,6236,OneDrive.Sync.,3,SeAssignPrimaryTokenPrivilege,,Replace a process-level token
0,6236,OneDrive.Sync.,4,SeLockMemoryPrivilege,,Lock pages in memory
0,6236,OneDrive.Sync.,5,SeIncreaseQuotaPrivilege,,Increase quotas
0,6236,OneDrive.Sync.,6,SeMachineAccountPrivilege,,Add workstations to the domain
0,6236,OneDrive.Sync.,7,SeTcbPrivilege,,Act as part of the operating system
0,6236,OneDrive.Sync.,8,SeSecurityPrivilege,,Manage auditing and security log
0,6236,OneDrive.Sync.,9,SeTakeOwnershipPrivilege,,Take ownership of files/objects
0,6236,OneDrive.Sync.,10,SeLoadDriverPrivilege,,Load and unload device drivers
0,6236,OneDrive.Sync.,11,SeSystemProfilePrivilege,,Profile system performance
0,6236,OneDrive.Sync.,12,SeSystemtimePrivilege,,Change the system time
0,6236,OneDrive.Sync.,13,SeProfileSingleProcessPrivilege,,Profile a single process
0,6236,OneDrive.Sync.,14,SeIncreaseBasePriorityPrivilege,,Increase scheduling priority
0,6236,OneDrive.Sync.,15,SeCreatePagefilePrivilege,,Create a pagefile
0,6236,OneDrive.Sync.,16,SeCreatePermanentPrivilege,,Create permanent shared objects
0,6236,OneDrive.Sync.,17,SeBackupPrivilege,,Backup files and directories
0,6236,OneDrive.Sync.,18,SeRestorePrivilege,,Restore files and directories
0,6236,OneDrive.Sync.,19,SeShutdownPrivilege,Present,Shut down the system
0,6236,OneDrive.Sync.,20,SeDebugPrivilege,,Debug programs
0,6236,OneDrive.Sync.,21,SeAuditPrivilege,,Generate security audits
0,6236,OneDrive.Sync.,22,SeSystemEnvironmentPrivilege,,Edit firmware environment values
0,6236,OneDrive.Sync.,23,SeChangeNotifyPrivilege,"Present,Enabled,Default",Receive notifications of changes to files or directories
0,6236,OneDrive.Sync.,24,SeRemoteShutdownPrivilege,,Force shutdown from a remote system
0,6236,OneDrive.Sync.,25,SeUndockPrivilege,Present,Remove computer from docking station
0,6236,OneDrive.Sync.,26,SeSyncAgentPrivilege,,Synch directory service data
0,6236,OneDrive.Sync.,27,SeEnableDelegationPrivilege,,Enable user accounts to be trusted for delegation
0,6236,OneDrive.Sync.,28,SeManageVolumePrivilege,,Manage the files on a volume
0,6236,OneDrive.Sync.,29,SeImpersonatePrivilege,,Impersonate a client after authentication
0,6236,OneDrive.Sync.,30,SeCreateGlobalPrivilege,Default,Create global objects
0,6236,OneDrive.Sync.,31,SeTrustedCredManAccessPrivilege,,Access Credential Manager as a trusted caller
0,6236,OneDrive.Sync.,32,SeRelabelPrivilege,,Modify the mandatory integrity level of an object
0,6236,OneDrive.Sync.,33,SeIncreaseWorkingSetPrivilege,Present,Allocate more memory for user applications
0,6236,OneDrive.Sync.,34,SeTimeZonePrivilege,Present,Adjust the time zone of the computer's internal clock
0,6236,OneDrive.Sync.,35,SeCreateSymbolicLinkPrivilege,,Required to create a symbolic link
0,6236,OneDrive.Sync.,36,SeDelegateSessionUserImpersonatePrivilege,,Obtain an impersonation token for another user in the same session.
0,2092,UserOOBEBroker,2,SeCreateTokenPrivilege,,Create a token object
0,2092,UserOOBEBroker,3,SeAssignPrimaryTokenPrivilege,,Replace a process-level token
0,2092,UserOOBEBroker,4,SeLockMemoryPrivilege,,Lock pages in memory
0,2092,UserOOBEBroker,5,SeIncreaseQuotaPrivilege,,Increase quotas
0,2092,UserOOBEBroker,6,SeMachineAccountPrivilege,,Add workstations to the domain
0,2092,UserOOBEBroker,7,SeTcbPrivilege,,Act as part of the operating system
0,2092,UserOOBEBroker,8,SeSecurityPrivilege,,Manage auditing and security log
0,2092,UserOOBEBroker,9,SeTakeOwnershipPrivilege,,Take ownership of files/objects
0,2092,UserOOBEBroker,10,SeLoadDriverPrivilege,,Load and unload device drivers
0,2092,UserOOBEBroker,11,SeSystemProfilePrivilege,,Profile system performance
0,2092,UserOOBEBroker,12,SeSystemtimePrivilege,,Change the system time
0,2092,UserOOBEBroker,13,SeProfileSingleProcessPrivilege,,Profile a single process
0,2092,UserOOBEBroker,14,SeIncreaseBasePriorityPrivilege,,Increase scheduling priority
0,2092,UserOOBEBroker,15,SeCreatePagefilePrivilege,,Create a pagefile
0,2092,UserOOBEBroker,16,SeCreatePermanentPrivilege,,Create permanent shared objects
0,2092,UserOOBEBroker,17,SeBackupPrivilege,,Backup files and directories
0,2092,UserOOBEBroker,18,SeRestorePrivilege,,Restore files and directories
0,2092,UserOOBEBroker,19,SeShutdownPrivilege,Present,Shut down the system
0,2092,UserOOBEBroker,20,SeDebugPrivilege,,Debug programs
0,2092,UserOOBEBroker,21,SeAuditPrivilege,,Generate security audits
0,2092,UserOOBEBroker,22,SeSystemEnvironmentPrivilege,,Edit firmware environment values
0,2092,UserOOBEBroker,23,SeChangeNotifyPrivilege,"Present,Enabled,Default",Receive notifications of changes to files or directories
0,2092,UserOOBEBroker,24,SeRemoteShutdownPrivilege,,Force shutdown from a remote system
0,2092,UserOOBEBroker,25,SeUndockPrivilege,Present,Remove computer from docking station
0,2092,UserOOBEBroker,26,SeSyncAgentPrivilege,,Synch directory service data
0,2092,UserOOBEBroker,27,SeEnableDelegationPrivilege,,Enable user accounts to be trusted for delegation
0,2092,UserOOBEBroker,28,SeManageVolumePrivilege,,Manage the files on a volume
0,2092,UserOOBEBroker,29,SeImpersonatePrivilege,,Impersonate a client after authentication
0,2092,UserOOBEBroker,30,SeCreateGlobalPrivilege,Default,Create global objects
0,2092,UserOOBEBroker,31,SeTrustedCredManAccessPrivilege,,Access Credential Manager as a trusted caller
0,2092,UserOOBEBroker,32,SeRelabelPrivilege,,Modify the mandatory integrity level of an object
0,2092,UserOOBEBroker,33,SeIncreaseWorkingSetPrivilege,Present,Allocate more memory for user applications
0,2092,UserOOBEBroker,34,SeTimeZonePrivilege,Present,Adjust the time zone of the computer's internal clock
0,2092,UserOOBEBroker,35,SeCreateSymbolicLinkPrivilege,,Required to create a symbolic link
0,2092,UserOOBEBroker,36,SeDelegateSessionUserImpersonatePrivilege,,Obtain an impersonation token for another user in the same session.
0,632,OpenWith.exe,2,SeCreateTokenPrivilege,,Create a token object
0,632,OpenWith.exe,3,SeAssignPrimaryTokenPrivilege,,Replace a process-level token
0,632,OpenWith.exe,4,SeLockMemoryPrivilege,,Lock pages in memory
0,632,OpenWith.exe,5,SeIncreaseQuotaPrivilege,,Increase quotas
0,632,OpenWith.exe,6,SeMachineAccountPrivilege,,Add workstations to the domain
0,632,OpenWith.exe,7,SeTcbPrivilege,,Act as part of the operating system
0,632,OpenWith.exe,8,SeSecurityPrivilege,,Manage auditing and security log
0,632,OpenWith.exe,9,SeTakeOwnershipPrivilege,,Take ownership of files/objects
0,632,OpenWith.exe,10,SeLoadDriverPrivilege,,Load and unload device drivers
0,632,OpenWith.exe,11,SeSystemProfilePrivilege,,Profile system performance
0,632,OpenWith.exe,12,SeSystemtimePrivilege,,Change the system time
0,632,OpenWith.exe,13,SeProfileSingleProcessPrivilege,,Profile a single process
0,632,OpenWith.exe,14,SeIncreaseBasePriorityPrivilege,,Increase scheduling priority
0,632,OpenWith.exe,15,SeCreatePagefilePrivilege,,Create a pagefile
0,632,OpenWith.exe,16,SeCreatePermanentPrivilege,,Create permanent shared objects
0,632,OpenWith.exe,17,SeBackupPrivilege,,Backup files and directories
0,632,OpenWith.exe,18,SeRestorePrivilege,,Restore files and directories
0,632,OpenWith.exe,19,SeShutdownPrivilege,Present,Shut down the system
0,632,OpenWith.exe,20,SeDebugPrivilege,,Debug programs
0,632,OpenWith.exe,21,SeAuditPrivilege,,Generate security audits
0,632,OpenWith.exe,22,SeSystemEnvironmentPrivilege,,Edit firmware environment values
0,632,OpenWith.exe,23,SeChangeNotifyPrivilege,"Present,Enabled,Default",Receive notifications of changes to files or directories
0,632,OpenWith.exe,24,SeRemoteShutdownPrivilege,,Force shutdown from a remote system
0,632,OpenWith.exe,25,SeUndockPrivilege,Present,Remove computer from docking station
0,632,OpenWith.exe,26,SeSyncAgentPrivilege,,Synch directory service data
0,632,OpenWith.exe,27,SeEnableDelegationPrivilege,,Enable user accounts to be trusted for delegation
0,632,OpenWith.exe,28,SeManageVolumePrivilege,,Manage the files on a volume
0,632,OpenWith.exe,29,SeImpersonatePrivilege,,Impersonate a client after authentication
0,632,OpenWith.exe,30,SeCreateGlobalPrivilege,Default,Create global objects
0,632,OpenWith.exe,31,SeTrustedCredManAccessPrivilege,,Access Credential Manager as a trusted caller
0,632,OpenWith.exe,32,SeRelabelPrivilege,,Modify the mandatory integrity level of an object
0,632,OpenWith.exe,33,SeIncreaseWorkingSetPrivilege,Present,Allocate more memory for user applications
0,632,OpenWith.exe,34,SeTimeZonePrivilege,Present,Adjust the time zone of the computer's internal clock
0,632,OpenWith.exe,35,SeCreateSymbolicLinkPrivilege,,Required to create a symbolic link
0,632,OpenWith.exe,36,SeDelegateSessionUserImpersonatePrivilege,,Obtain an impersonation token for another user in the same session.
0,8964,taskhostw.exe,2,SeCreateTokenPrivilege,,Create a token object
0,8964,taskhostw.exe,3,SeAssignPrimaryTokenPrivilege,,Replace a process-level token
0,8964,taskhostw.exe,4,SeLockMemoryPrivilege,,Lock pages in memory
0,8964,taskhostw.exe,5,SeIncreaseQuotaPrivilege,Present,Increase quotas
0,8964,taskhostw.exe,6,SeMachineAccountPrivilege,,Add workstations to the domain
0,8964,taskhostw.exe,7,SeTcbPrivilege,,Act as part of the operating system
0,8964,taskhostw.exe,8,SeSecurityPrivilege,Present,Manage auditing and security log
0,8964,taskhostw.exe,9,SeTakeOwnershipPrivilege,Present,Take ownership of files/objects
0,8964,taskhostw.exe,10,SeLoadDriverPrivilege,Present,Load and unload device drivers
0,8964,taskhostw.exe,11,SeSystemProfilePrivilege,Present,Profile system performance
0,8964,taskhostw.exe,12,SeSystemtimePrivilege,Present,Change the system time
0,8964,taskhostw.exe,13,SeProfileSingleProcessPrivilege,Present,Profile a single process
0,8964,taskhostw.exe,14,SeIncreaseBasePriorityPrivilege,Present,Increase scheduling priority
0,8964,taskhostw.exe,15,SeCreatePagefilePrivilege,Present,Create a pagefile
0,8964,taskhostw.exe,16,SeCreatePermanentPrivilege,,Create permanent shared objects
0,8964,taskhostw.exe,17,SeBackupPrivilege,Present,Backup files and directories
0,8964,taskhostw.exe,18,SeRestorePrivilege,Present,Restore files and directories
0,8964,taskhostw.exe,19,SeShutdownPrivilege,Present,Shut down the system
0,8964,taskhostw.exe,20,SeDebugPrivilege,Present,Debug programs
0,8964,taskhostw.exe,21,SeAuditPrivilege,,Generate security audits
0,8964,taskhostw.exe,22,SeSystemEnvironmentPrivilege,Present,Edit firmware environment values
0,8964,taskhostw.exe,23,SeChangeNotifyPrivilege,"Present,Enabled,Default",Receive notifications of changes to files or directories
0,8964,taskhostw.exe,24,SeRemoteShutdownPrivilege,Present,Force shutdown from a remote system
0,8964,taskhostw.exe,25,SeUndockPrivilege,Present,Remove computer from docking station
0,8964,taskhostw.exe,26,SeSyncAgentPrivilege,,Synch directory service data
0,8964,taskhostw.exe,27,SeEnableDelegationPrivilege,,Enable user accounts to be trusted for delegation
0,8964,taskhostw.exe,28,SeManageVolumePrivilege,Present,Manage the files on a volume
0,8964,taskhostw.exe,29,SeImpersonatePrivilege,"Present,Enabled,Default",Impersonate a client after authentication
0,8964,taskhostw.exe,30,SeCreateGlobalPrivilege,"Present,Enabled,Default",Create global objects
0,8964,taskhostw.exe,31,SeTrustedCredManAccessPrivilege,,Access Credential Manager as a trusted caller
0,8964,taskhostw.exe,32,SeRelabelPrivilege,,Modify the mandatory integrity level of an object
0,8964,taskhostw.exe,33,SeIncreaseWorkingSetPrivilege,Present,Allocate more memory for user applications
0,8964,taskhostw.exe,34,SeTimeZonePrivilege,Present,Adjust the time zone of the computer's internal clock
0,8964,taskhostw.exe,35,SeCreateSymbolicLinkPrivilege,Present,Required to create a symbolic link
0,8964,taskhostw.exe,36,SeDelegateSessionUserImpersonatePrivilege,Present,Obtain an impersonation token for another user in the same session.
0,340,smartscreen.ex,2,SeCreateTokenPrivilege,,Create a token object
0,340,smartscreen.ex,3,SeAssignPrimaryTokenPrivilege,,Replace a process-level token
0,340,smartscreen.ex,4,SeLockMemoryPrivilege,,Lock pages in memory
0,340,smartscreen.ex,5,SeIncreaseQuotaPrivilege,,Increase quotas
0,340,smartscreen.ex,6,SeMachineAccountPrivilege,,Add workstations to the domain
0,340,smartscreen.ex,7,SeTcbPrivilege,,Act as part of the operating system
0,340,smartscreen.ex,8,SeSecurityPrivilege,,Manage auditing and security log
0,340,smartscreen.ex,9,SeTakeOwnershipPrivilege,,Take ownership of files/objects
0,340,smartscreen.ex,10,SeLoadDriverPrivilege,,Load and unload device drivers
0,340,smartscreen.ex,11,SeSystemProfilePrivilege,,Profile system performance
0,340,smartscreen.ex,12,SeSystemtimePrivilege,,Change the system time
0,340,smartscreen.ex,13,SeProfileSingleProcessPrivilege,,Profile a single process
0,340,smartscreen.ex,14,SeIncreaseBasePriorityPrivilege,,Increase scheduling priority
0,340,smartscreen.ex,15,SeCreatePagefilePrivilege,,Create a pagefile
0,340,smartscreen.ex,16,SeCreatePermanentPrivilege,,Create permanent shared objects
0,340,smartscreen.ex,17,SeBackupPrivilege,,Backup files and directories
0,340,smartscreen.ex,18,SeRestorePrivilege,,Restore files and directories
0,340,smartscreen.ex,19,SeShutdownPrivilege,Present,Shut down the system
0,340,smartscreen.ex,20,SeDebugPrivilege,,Debug programs
0,340,smartscreen.ex,21,SeAuditPrivilege,,Generate security audits
0,340,smartscreen.ex,22,SeSystemEnvironmentPrivilege,,Edit firmware environment values
0,340,smartscreen.ex,23,SeChangeNotifyPrivilege,"Present,Enabled,Default",Receive notifications of changes to files or directories
0,340,smartscreen.ex,24,SeRemoteShutdownPrivilege,,Force shutdown from a remote system
0,340,smartscreen.ex,25,SeUndockPrivilege,Present,Remove computer from docking station
0,340,smartscreen.ex,26,SeSyncAgentPrivilege,,Synch directory service data
0,340,smartscreen.ex,27,SeEnableDelegationPrivilege,,Enable user accounts to be trusted for delegation
0,340,smartscreen.ex,28,SeManageVolumePrivilege,,Manage the files on a volume
0,340,smartscreen.ex,29,SeImpersonatePrivilege,,Impersonate a client after authentication
0,340,smartscreen.ex,30,SeCreateGlobalPrivilege,Default,Create global objects
0,340,smartscreen.ex,31,SeTrustedCredManAccessPrivilege,,Access Credential Manager as a trusted caller
0,340,smartscreen.ex,32,SeRelabelPrivilege,,Modify the mandatory integrity level of an object
0,340,smartscreen.ex,33,SeIncreaseWorkingSetPrivilege,Present,Allocate more memory for user applications
0,340,smartscreen.ex,34,SeTimeZonePrivilege,Present,Adjust the time zone of the computer's internal clock
0,340,smartscreen.ex,35,SeCreateSymbolicLinkPrivilege,,Required to create a symbolic link
0,340,smartscreen.ex,36,SeDelegateSessionUserImpersonatePrivilege,,Obtain an impersonation token for another user in the same session.
0,2692,audiodg.exe,2,SeCreateTokenPrivilege,,Create a token object
0,2692,audiodg.exe,3,SeAssignPrimaryTokenPrivilege,,Replace a process-level token
0,2692,audiodg.exe,4,SeLockMemoryPrivilege,,Lock pages in memory
0,2692,audiodg.exe,5,SeIncreaseQuotaPrivilege,,Increase quotas
0,2692,audiodg.exe,6,SeMachineAccountPrivilege,,Add workstations to the domain
0,2692,audiodg.exe,7,SeTcbPrivilege,,Act as part of the operating system
0,2692,audiodg.exe,8,SeSecurityPrivilege,,Manage auditing and security log
0,2692,audiodg.exe,9,SeTakeOwnershipPrivilege,,Take ownership of files/objects
0,2692,audiodg.exe,10,SeLoadDriverPrivilege,,Load and unload device drivers
0,2692,audiodg.exe,11,SeSystemProfilePrivilege,,Profile system performance
0,2692,audiodg.exe,12,SeSystemtimePrivilege,,Change the system time
0,2692,audiodg.exe,13,SeProfileSingleProcessPrivilege,,Profile a single process
0,2692,audiodg.exe,14,SeIncreaseBasePriorityPrivilege,,Increase scheduling priority
0,2692,audiodg.exe,15,SeCreatePagefilePrivilege,,Create a pagefile
0,2692,audiodg.exe,16,SeCreatePermanentPrivilege,,Create permanent shared objects
0,2692,audiodg.exe,17,SeBackupPrivilege,,Backup files and directories
0,2692,audiodg.exe,18,SeRestorePrivilege,,Restore files and directories
0,2692,audiodg.exe,19,SeShutdownPrivilege,,Shut down the system
0,2692,audiodg.exe,20,SeDebugPrivilege,,Debug programs
0,2692,audiodg.exe,21,SeAuditPrivilege,,Generate security audits
0,2692,audiodg.exe,22,SeSystemEnvironmentPrivilege,,Edit firmware environment values
0,2692,audiodg.exe,23,SeChangeNotifyPrivilege,"Present,Enabled,Default",Receive notifications of changes to files or directories
0,2692,audiodg.exe,24,SeRemoteShutdownPrivilege,,Force shutdown from a remote system
0,2692,audiodg.exe,25,SeUndockPrivilege,,Remove computer from docking station
0,2692,audiodg.exe,26,SeSyncAgentPrivilege,,Synch directory service data
0,2692,audiodg.exe,27,SeEnableDelegationPrivilege,,Enable user accounts to be trusted for delegation
0,2692,audiodg.exe,28,SeManageVolumePrivilege,,Manage the files on a volume
0,2692,audiodg.exe,29,SeImpersonatePrivilege,"Present,Enabled,Default",Impersonate a client after authentication
0,2692,audiodg.exe,30,SeCreateGlobalPrivilege,Default,Create global objects
0,2692,audiodg.exe,31,SeTrustedCredManAccessPrivilege,,Access Credential Manager as a trusted caller
0,2692,audiodg.exe,32,SeRelabelPrivilege,,Modify the mandatory integrity level of an object
0,2692,audiodg.exe,33,SeIncreaseWorkingSetPrivilege,Present,Allocate more memory for user applications
0,2692,audiodg.exe,34,SeTimeZonePrivilege,,Adjust the time zone of the computer's internal clock
0,2692,audiodg.exe,35,SeCreateSymbolicLinkPrivilege,,Required to create a symbolic link
0,2692,audiodg.exe,36,SeDelegateSessionUserImpersonatePrivilege,,Obtain an impersonation token for another user in the same session.
0,10116,svchost.exe,2,SeCreateTokenPrivilege,,Create a token object
0,10116,svchost.exe,3,SeAssignPrimaryTokenPrivilege,Present,Replace a process-level token
0,10116,svchost.exe,4,SeLockMemoryPrivilege,Default,Lock pages in memory
0,10116,svchost.exe,5,SeIncreaseQuotaPrivilege,,Increase quotas
0,10116,svchost.exe,6,SeMachineAccountPrivilege,,Add workstations to the domain
0,10116,svchost.exe,7,SeTcbPrivilege,"Present,Enabled,Default",Act as part of the operating system
0,10116,svchost.exe,8,SeSecurityPrivilege,Present,Manage auditing and security log
0,10116,svchost.exe,9,SeTakeOwnershipPrivilege,Present,Take ownership of files/objects
0,10116,svchost.exe,10,SeLoadDriverPrivilege,,Load and unload device drivers
0,10116,svchost.exe,11,SeSystemProfilePrivilege,Default,Profile system performance
0,10116,svchost.exe,12,SeSystemtimePrivilege,,Change the system time
0,10116,svchost.exe,13,SeProfileSingleProcessPrivilege,Default,Profile a single process
0,10116,svchost.exe,14,SeIncreaseBasePriorityPrivilege,"Present,Enabled,Default",Increase scheduling priority
0,10116,svchost.exe,15,SeCreatePagefilePrivilege,Default,Create a pagefile
0,10116,svchost.exe,16,SeCreatePermanentPrivilege,"Present,Enabled,Default",Create permanent shared objects
0,10116,svchost.exe,17,SeBackupPrivilege,Present,Backup files and directories
0,10116,svchost.exe,18,SeRestorePrivilege,Present,Restore files and directories
0,10116,svchost.exe,19,SeShutdownPrivilege,,Shut down the system
0,10116,svchost.exe,20,SeDebugPrivilege,"Present,Enabled,Default",Debug programs
0,10116,svchost.exe,21,SeAuditPrivilege,Default,Generate security audits
0,10116,svchost.exe,22,SeSystemEnvironmentPrivilege,Present,Edit firmware environment values
0,10116,svchost.exe,23,SeChangeNotifyPrivilege,"Present,Enabled,Default",Receive notifications of changes to files or directories
0,10116,svchost.exe,24,SeRemoteShutdownPrivilege,,Force shutdown from a remote system
0,10116,svchost.exe,25,SeUndockPrivilege,,Remove computer from docking station
0,10116,svchost.exe,26,SeSyncAgentPrivilege,,Synch directory service data
0,10116,svchost.exe,27,SeEnableDelegationPrivilege,,Enable user accounts to be trusted for delegation
0,10116,svchost.exe,28,SeManageVolumePrivilege,,Manage the files on a volume
0,10116,svchost.exe,29,SeImpersonatePrivilege,"Present,Enabled,Default",Impersonate a client after authentication
0,10116,svchost.exe,30,SeCreateGlobalPrivilege,"Present,Enabled,Default",Create global objects
0,10116,svchost.exe,31,SeTrustedCredManAccessPrivilege,,Access Credential Manager as a trusted caller
0,10116,svchost.exe,32,SeRelabelPrivilege,,Modify the mandatory integrity level of an object
0,10116,svchost.exe,33,SeIncreaseWorkingSetPrivilege,Default,Allocate more memory for user applications
0,10116,svchost.exe,34,SeTimeZonePrivilege,Default,Adjust the time zone of the computer's internal clock
0,10116,svchost.exe,35,SeCreateSymbolicLinkPrivilege,"Present,Enabled,Default",Required to create a symbolic link
0,10116,svchost.exe,36,SeDelegateSessionUserImpersonatePrivilege,Default,Obtain an impersonation token for another user in the same session.
0,6256,mshta.exe,2,SeCreateTokenPrivilege,,Create a token object
0,6256,mshta.exe,3,SeAssignPrimaryTokenPrivilege,,Replace a process-level token
0,6256,mshta.exe,4,SeLockMemoryPrivilege,,Lock pages in memory
0,6256,mshta.exe,5,SeIncreaseQuotaPrivilege,Present,Increase quotas
0,6256,mshta.exe,6,SeMachineAccountPrivilege,,Add workstations to the domain
0,6256,mshta.exe,7,SeTcbPrivilege,,Act as part of the operating system
0,6256,mshta.exe,8,SeSecurityPrivilege,Present,Manage auditing and security log
0,6256,mshta.exe,9,SeTakeOwnershipPrivilege,Present,Take ownership of files/objects
0,6256,mshta.exe,10,SeLoadDriverPrivilege,Present,Load and unload device drivers
0,6256,mshta.exe,11,SeSystemProfilePrivilege,Present,Profile system performance
0,6256,mshta.exe,12,SeSystemtimePrivilege,Present,Change the system time
0,6256,mshta.exe,13,SeProfileSingleProcessPrivilege,Present,Profile a single process
0,6256,mshta.exe,14,SeIncreaseBasePriorityPrivilege,Present,Increase scheduling priority
0,6256,mshta.exe,15,SeCreatePagefilePrivilege,Present,Create a pagefile
0,6256,mshta.exe,16,SeCreatePermanentPrivilege,,Create permanent shared objects
0,6256,mshta.exe,17,SeBackupPrivilege,Present,Backup files and directories
0,6256,mshta.exe,18,SeRestorePrivilege,Present,Restore files and directories
0,6256,mshta.exe,19,SeShutdownPrivilege,Present,Shut down the system
0,6256,mshta.exe,20,SeDebugPrivilege,Present,Debug programs
0,6256,mshta.exe,21,SeAuditPrivilege,,Generate security audits
0,6256,mshta.exe,22,SeSystemEnvironmentPrivilege,Present,Edit firmware environment values
0,6256,mshta.exe,23,SeChangeNotifyPrivilege,"Present,Enabled,Default",Receive notifications of changes to files or directories
0,6256,mshta.exe,24,SeRemoteShutdownPrivilege,Present,Force shutdown from a remote system
0,6256,mshta.exe,25,SeUndockPrivilege,Present,Remove computer from docking station
0,6256,mshta.exe,26,SeSyncAgentPrivilege,,Synch directory service data
0,6256,mshta.exe,27,SeEnableDelegationPrivilege,,Enable user accounts to be trusted for delegation
0,6256,mshta.exe,28,SeManageVolumePrivilege,Present,Manage the files on a volume
0,6256,mshta.exe,29,SeImpersonatePrivilege,"Present,Enabled,Default",Impersonate a client after authentication
0,6256,mshta.exe,30,SeCreateGlobalPrivilege,"Present,Enabled,Default",Create global objects
0,6256,mshta.exe,31,SeTrustedCredManAccessPrivilege,,Access Credential Manager as a trusted caller
0,6256,mshta.exe,32,SeRelabelPrivilege,,Modify the mandatory integrity level of an object
0,6256,mshta.exe,33,SeIncreaseWorkingSetPrivilege,Present,Allocate more memory for user applications
0,6256,mshta.exe,34,SeTimeZonePrivilege,Present,Adjust the time zone of the computer's internal clock
0,6256,mshta.exe,35,SeCreateSymbolicLinkPrivilege,Present,Required to create a symbolic link
0,6256,mshta.exe,36,SeDelegateSessionUserImpersonatePrivilege,Present,Obtain an impersonation token for another user in the same session.
0,9668,notepad.exe,2,SeCreateTokenPrivilege,,Create a token object
0,9668,notepad.exe,3,SeAssignPrimaryTokenPrivilege,,Replace a process-level token
0,9668,notepad.exe,4,SeLockMemoryPrivilege,,Lock pages in memory
0,9668,notepad.exe,5,SeIncreaseQuotaPrivilege,Present,Increase quotas
0,9668,notepad.exe,6,SeMachineAccountPrivilege,,Add workstations to the domain
0,9668,notepad.exe,7,SeTcbPrivilege,,Act as part of the operating system
0,9668,notepad.exe,8,SeSecurityPrivilege,Present,Manage auditing and security log
0,9668,notepad.exe,9,SeTakeOwnershipPrivilege,Present,Take ownership of files/objects
0,9668,notepad.exe,10,SeLoadDriverPrivilege,Present,Load and unload device drivers
0,9668,notepad.exe,11,SeSystemProfilePrivilege,Present,Profile system performance
0,9668,notepad.exe,12,SeSystemtimePrivilege,Present,Change the system time
0,9668,notepad.exe,13,SeProfileSingleProcessPrivilege,Present,Profile a single process
0,9668,notepad.exe,14,SeIncreaseBasePriorityPrivilege,Present,Increase scheduling priority
0,9668,notepad.exe,15,SeCreatePagefilePrivilege,Present,Create a pagefile
0,9668,notepad.exe,16,SeCreatePermanentPrivilege,,Create permanent shared objects
0,9668,notepad.exe,17,SeBackupPrivilege,Present,Backup files and directories
0,9668,notepad.exe,18,SeRestorePrivilege,Present,Restore files and directories
0,9668,notepad.exe,19,SeShutdownPrivilege,Present,Shut down the system
0,9668,notepad.exe,20,SeDebugPrivilege,Present,Debug programs
0,9668,notepad.exe,21,SeAuditPrivilege,,Generate security audits
0,9668,notepad.exe,22,SeSystemEnvironmentPrivilege,Present,Edit firmware environment values
0,9668,notepad.exe,23,SeChangeNotifyPrivilege,"Present,Enabled,Default",Receive notifications of changes to files or directories
0,9668,notepad.exe,24,SeRemoteShutdownPrivilege,Present,Force shutdown from a remote system
0,9668,notepad.exe,25,SeUndockPrivilege,Present,Remove computer from docking station
0,9668,notepad.exe,26,SeSyncAgentPrivilege,,Synch directory service data
0,9668,notepad.exe,27,SeEnableDelegationPrivilege,,Enable user accounts to be trusted for delegation
0,9668,notepad.exe,28,SeManageVolumePrivilege,Present,Manage the files on a volume
0,9668,notepad.exe,29,SeImpersonatePrivilege,"Present,Enabled,Default",Impersonate a client after authentication
0,9668,notepad.exe,30,SeCreateGlobalPrivilege,"Present,Enabled,Default",Create global objects
0,9668,notepad.exe,31,SeTrustedCredManAccessPrivilege,,Access Credential Manager as a trusted caller
0,9668,notepad.exe,32,SeRelabelPrivilege,,Modify the mandatory integrity level of an object
0,9668,notepad.exe,33,SeIncreaseWorkingSetPrivilege,Present,Allocate more memory for user applications
0,9668,notepad.exe,34,SeTimeZonePrivilege,Present,Adjust the time zone of the computer's internal clock
0,9668,notepad.exe,35,SeCreateSymbolicLinkPrivilege,Present,Required to create a symbolic link
0,9668,notepad.exe,36,SeDelegateSessionUserImpersonatePrivilege,Present,Obtain an impersonation token for another user in the same session.
0,4744,SearchProtocol,2,SeCreateTokenPrivilege,,Create a token object
0,4744,SearchProtocol,3,SeAssignPrimaryTokenPrivilege,,Replace a process-level token
0,4744,SearchProtocol,4,SeLockMemoryPrivilege,Default,Lock pages in memory
0,4744,SearchProtocol,5,SeIncreaseQuotaPrivilege,,Increase quotas
0,4744,SearchProtocol,6,SeMachineAccountPrivilege,,Add workstations to the domain
0,4744,SearchProtocol,7,SeTcbPrivilege,Default,Act as part of the operating system
0,4744,SearchProtocol,8,SeSecurityPrivilege,,Manage auditing and security log
0,4744,SearchProtocol,9,SeTakeOwnershipPrivilege,,Take ownership of files/objects
0,4744,SearchProtocol,10,SeLoadDriverPrivilege,,Load and unload device drivers
0,4744,SearchProtocol,11,SeSystemProfilePrivilege,Default,Profile system performance
0,4744,SearchProtocol,12,SeSystemtimePrivilege,,Change the system time
0,4744,SearchProtocol,13,SeProfileSingleProcessPrivilege,Default,Profile a single process
0,4744,SearchProtocol,14,SeIncreaseBasePriorityPrivilege,Default,Increase scheduling priority
0,4744,SearchProtocol,15,SeCreatePagefilePrivilege,Default,Create a pagefile
0,4744,SearchProtocol,16,SeCreatePermanentPrivilege,Default,Create permanent shared objects
0,4744,SearchProtocol,17,SeBackupPrivilege,,Backup files and directories
0,4744,SearchProtocol,18,SeRestorePrivilege,,Restore files and directories
0,4744,SearchProtocol,19,SeShutdownPrivilege,,Shut down the system
0,4744,SearchProtocol,20,SeDebugPrivilege,Default,Debug programs
0,4744,SearchProtocol,21,SeAuditPrivilege,Default,Generate security audits
0,4744,SearchProtocol,22,SeSystemEnvironmentPrivilege,,Edit firmware environment values
0,4744,SearchProtocol,23,SeChangeNotifyPrivilege,"Present,Enabled,Default",Receive notifications of changes to files or directories
0,4744,SearchProtocol,24,SeRemoteShutdownPrivilege,,Force shutdown from a remote system
0,4744,SearchProtocol,25,SeUndockPrivilege,,Remove computer from docking station
0,4744,SearchProtocol,26,SeSyncAgentPrivilege,,Synch directory service data
0,4744,SearchProtocol,27,SeEnableDelegationPrivilege,,Enable user accounts to be trusted for delegation
0,4744,SearchProtocol,28,SeManageVolumePrivilege,,Manage the files on a volume
0,4744,SearchProtocol,29,SeImpersonatePrivilege,Default,Impersonate a client after authentication
0,4744,SearchProtocol,30,SeCreateGlobalPrivilege,Default,Create global objects
0,4744,SearchProtocol,31,SeTrustedCredManAccessPrivilege,,Access Credential Manager as a trusted caller
0,4744,SearchProtocol,32,SeRelabelPrivilege,,Modify the mandatory integrity level of an object
0,4744,SearchProtocol,33,SeIncreaseWorkingSetPrivilege,Default,Allocate more memory for user applications
0,4744,SearchProtocol,34,SeTimeZonePrivilege,Default,Adjust the time zone of the computer's internal clock
0,4744,SearchProtocol,35,SeCreateSymbolicLinkPrivilege,Default,Required to create a symbolic link
0,4744,SearchProtocol,36,SeDelegateSessionUserImpersonatePrivilege,Default,Obtain an impersonation token for another user in the same session.
0,3212,SearchFilterHo,2,SeCreateTokenPrivilege,,Create a token object
0,3212,SearchFilterHo,3,SeAssignPrimaryTokenPrivilege,,Replace a process-level token
0,3212,SearchFilterHo,4,SeLockMemoryPrivilege,,Lock pages in memory
0,3212,SearchFilterHo,5,SeIncreaseQuotaPrivilege,,Increase quotas
0,3212,SearchFilterHo,6,SeMachineAccountPrivilege,,Add workstations to the domain
0,3212,SearchFilterHo,7,SeTcbPrivilege,,Act as part of the operating system
0,3212,SearchFilterHo,8,SeSecurityPrivilege,,Manage auditing and security log
0,3212,SearchFilterHo,9,SeTakeOwnershipPrivilege,,Take ownership of files/objects
0,3212,SearchFilterHo,10,SeLoadDriverPrivilege,,Load and unload device drivers
0,3212,SearchFilterHo,11,SeSystemProfilePrivilege,,Profile system performance
0,3212,SearchFilterHo,12,SeSystemtimePrivilege,,Change the system time
0,3212,SearchFilterHo,13,SeProfileSingleProcessPrivilege,,Profile a single process
0,3212,SearchFilterHo,14,SeIncreaseBasePriorityPrivilege,,Increase scheduling priority
0,3212,SearchFilterHo,15,SeCreatePagefilePrivilege,,Create a pagefile
0,3212,SearchFilterHo,16,SeCreatePermanentPrivilege,,Create permanent shared objects
0,3212,SearchFilterHo,17,SeBackupPrivilege,,Backup files and directories
0,3212,SearchFilterHo,18,SeRestorePrivilege,,Restore files and directories
0,3212,SearchFilterHo,19,SeShutdownPrivilege,,Shut down the system
0,3212,SearchFilterHo,20,SeDebugPrivilege,,Debug programs
0,3212,SearchFilterHo,21,SeAuditPrivilege,,Generate security audits
0,3212,SearchFilterHo,22,SeSystemEnvironmentPrivilege,,Edit firmware environment values
0,3212,SearchFilterHo,23,SeChangeNotifyPrivilege,"Present,Enabled,Default",Receive notifications of changes to files or directories
0,3212,SearchFilterHo,24,SeRemoteShutdownPrivilege,,Force shutdown from a remote system
0,3212,SearchFilterHo,25,SeUndockPrivilege,,Remove computer from docking station
0,3212,SearchFilterHo,26,SeSyncAgentPrivilege,,Synch directory service data
0,3212,SearchFilterHo,27,SeEnableDelegationPrivilege,,Enable user accounts to be trusted for delegation
0,3212,SearchFilterHo,28,SeManageVolumePrivilege,,Manage the files on a volume
0,3212,SearchFilterHo,29,SeImpersonatePrivilege,,Impersonate a client after authentication
0,3212,SearchFilterHo,30,SeCreateGlobalPrivilege,,Create global objects
0,3212,SearchFilterHo,31,SeTrustedCredManAccessPrivilege,,Access Credential Manager as a trusted caller
0,3212,SearchFilterHo,32,SeRelabelPrivilege,,Modify the mandatory integrity level of an object
0,3212,SearchFilterHo,33,SeIncreaseWorkingSetPrivilege,,Allocate more memory for user applications
0,3212,SearchFilterHo,34,SeTimeZonePrivilege,,Adjust the time zone of the computer's internal clock
0,3212,SearchFilterHo,35,SeCreateSymbolicLinkPrivilege,,Required to create a symbolic link
0,3212,SearchFilterHo,36,SeDelegateSessionUserImpersonatePrivilege,,Obtain an impersonation token for another user in the same session.
0,1668,RuntimeBroker.,2,SeCreateTokenPrivilege,,Create a token object
0,1668,RuntimeBroker.,3,SeAssignPrimaryTokenPrivilege,,Replace a process-level token
0,1668,RuntimeBroker.,4,SeLockMemoryPrivilege,,Lock pages in memory
0,1668,RuntimeBroker.,5,SeIncreaseQuotaPrivilege,,Increase quotas
0,1668,RuntimeBroker.,6,SeMachineAccountPrivilege,,Add workstations to the domain
0,1668,RuntimeBroker.,7,SeTcbPrivilege,,Act as part of the operating system
0,1668,RuntimeBroker.,8,SeSecurityPrivilege,,Manage auditing and security log
0,1668,RuntimeBroker.,9,SeTakeOwnershipPrivilege,,Take ownership of files/objects
0,1668,RuntimeBroker.,10,SeLoadDriverPrivilege,,Load and unload device drivers
0,1668,RuntimeBroker.,11,SeSystemProfilePrivilege,,Profile system performance
0,1668,RuntimeBroker.,12,SeSystemtimePrivilege,,Change the system time
0,1668,RuntimeBroker.,13,SeProfileSingleProcessPrivilege,,Profile a single process
0,1668,RuntimeBroker.,14,SeIncreaseBasePriorityPrivilege,,Increase scheduling priority
0,1668,RuntimeBroker.,15,SeCreatePagefilePrivilege,,Create a pagefile
0,1668,RuntimeBroker.,16,SeCreatePermanentPrivilege,,Create permanent shared objects
0,1668,RuntimeBroker.,17,SeBackupPrivilege,,Backup files and directories
0,1668,RuntimeBroker.,18,SeRestorePrivilege,,Restore files and directories
0,1668,RuntimeBroker.,19,SeShutdownPrivilege,Present,Shut down the system
0,1668,RuntimeBroker.,20,SeDebugPrivilege,,Debug programs
0,1668,RuntimeBroker.,21,SeAuditPrivilege,,Generate security audits
0,1668,RuntimeBroker.,22,SeSystemEnvironmentPrivilege,,Edit firmware environment values
0,1668,RuntimeBroker.,23,SeChangeNotifyPrivilege,"Present,Enabled,Default",Receive notifications of changes to files or directories
0,1668,RuntimeBroker.,24,SeRemoteShutdownPrivilege,,Force shutdown from a remote system
0,1668,RuntimeBroker.,25,SeUndockPrivilege,Present,Remove computer from docking station
0,1668,RuntimeBroker.,26,SeSyncAgentPrivilege,,Synch directory service data
0,1668,RuntimeBroker.,27,SeEnableDelegationPrivilege,,Enable user accounts to be trusted for delegation
0,1668,RuntimeBroker.,28,SeManageVolumePrivilege,,Manage the files on a volume
0,1668,RuntimeBroker.,29,SeImpersonatePrivilege,,Impersonate a client after authentication
0,1668,RuntimeBroker.,30,SeCreateGlobalPrivilege,Default,Create global objects
0,1668,RuntimeBroker.,31,SeTrustedCredManAccessPrivilege,,Access Credential Manager as a trusted caller
0,1668,RuntimeBroker.,32,SeRelabelPrivilege,,Modify the mandatory integrity level of an object
0,1668,RuntimeBroker.,33,SeIncreaseWorkingSetPrivilege,Present,Allocate more memory for user applications
0,1668,RuntimeBroker.,34,SeTimeZonePrivilege,Present,Adjust the time zone of the computer's internal clock
0,1668,RuntimeBroker.,35,SeCreateSymbolicLinkPrivilege,,Required to create a symbolic link
0,1668,RuntimeBroker.,36,SeDelegateSessionUserImpersonatePrivilege,,Obtain an impersonation token for another user in the same session.
0,8540,FileCoAuth.exe,2,SeCreateTokenPrivilege,,Create a token object
0,8540,FileCoAuth.exe,3,SeAssignPrimaryTokenPrivilege,,Replace a process-level token
0,8540,FileCoAuth.exe,4,SeLockMemoryPrivilege,,Lock pages in memory
0,8540,FileCoAuth.exe,5,SeIncreaseQuotaPrivilege,,Increase quotas
0,8540,FileCoAuth.exe,6,SeMachineAccountPrivilege,,Add workstations to the domain
0,8540,FileCoAuth.exe,7,SeTcbPrivilege,,Act as part of the operating system
0,8540,FileCoAuth.exe,8,SeSecurityPrivilege,,Manage auditing and security log
0,8540,FileCoAuth.exe,9,SeTakeOwnershipPrivilege,,Take ownership of files/objects
0,8540,FileCoAuth.exe,10,SeLoadDriverPrivilege,,Load and unload device drivers
0,8540,FileCoAuth.exe,11,SeSystemProfilePrivilege,,Profile system performance
0,8540,FileCoAuth.exe,12,SeSystemtimePrivilege,,Change the system time
0,8540,FileCoAuth.exe,13,SeProfileSingleProcessPrivilege,,Profile a single process
0,8540,FileCoAuth.exe,14,SeIncreaseBasePriorityPrivilege,,Increase scheduling priority
0,8540,FileCoAuth.exe,15,SeCreatePagefilePrivilege,,Create a pagefile
0,8540,FileCoAuth.exe,16,SeCreatePermanentPrivilege,,Create permanent shared objects
0,8540,FileCoAuth.exe,17,SeBackupPrivilege,,Backup files and directories
0,8540,FileCoAuth.exe,18,SeRestorePrivilege,,Restore files and directories
0,8540,FileCoAuth.exe,19,SeShutdownPrivilege,Present,Shut down the system
0,8540,FileCoAuth.exe,20,SeDebugPrivilege,,Debug programs
0,8540,FileCoAuth.exe,21,SeAuditPrivilege,,Generate security audits
0,8540,FileCoAuth.exe,22,SeSystemEnvironmentPrivilege,,Edit firmware environment values
0,8540,FileCoAuth.exe,23,SeChangeNotifyPrivilege,"Present,Enabled,Default",Receive notifications of changes to files or directories
0,8540,FileCoAuth.exe,24,SeRemoteShutdownPrivilege,,Force shutdown from a remote system
0,8540,FileCoAuth.exe,25,SeUndockPrivilege,Present,Remove computer from docking station
0,8540,FileCoAuth.exe,26,SeSyncAgentPrivilege,,Synch directory service data
0,8540,FileCoAuth.exe,27,SeEnableDelegationPrivilege,,Enable user accounts to be trusted for delegation
0,8540,FileCoAuth.exe,28,SeManageVolumePrivilege,,Manage the files on a volume
0,8540,FileCoAuth.exe,29,SeImpersonatePrivilege,,Impersonate a client after authentication
0,8540,FileCoAuth.exe,30,SeCreateGlobalPrivilege,Default,Create global objects
0,8540,FileCoAuth.exe,31,SeTrustedCredManAccessPrivilege,,Access Credential Manager as a trusted caller
0,8540,FileCoAuth.exe,32,SeRelabelPrivilege,,Modify the mandatory integrity level of an object
0,8540,FileCoAuth.exe,33,SeIncreaseWorkingSetPrivilege,Present,Allocate more memory for user applications
0,8540,FileCoAuth.exe,34,SeTimeZonePrivilege,Present,Adjust the time zone of the computer's internal clock
0,8540,FileCoAuth.exe,35,SeCreateSymbolicLinkPrivilege,,Required to create a symbolic link
0,8540,FileCoAuth.exe,36,SeDelegateSessionUserImpersonatePrivilege,,Obtain an impersonation token for another user in the same session.

